# F0-R0 PARAMETER SCAN
# FBA model ../../ModelFiles/ecFBA/Modified/reducedEcYeast_modified_withDamage.mat with objective max. growth (parsimonious)
# Boolean model ../../ModelFiles/Boolean/Modified/rules.txt, ../../ModelFiles/Boolean/Modified/species.txt
# TF layer ../../ModelFiles/Boolean/Modified/TFtargets.txt
damage formation	damage repair	regulation factor	rls	average generation time	time phase 1	rls phase 1	damage phase 1	time phase 2	rls phase 2	damage phase 2	time phase 3	rls phase 3	damage phase 3	status
0.0	0.0	0.04	67	1.469696969696951	99.9999999999986	67.0	0.0	0.0	0.0	NaN	0.0	0.0	NaN	alive
2.5e-5	0.0	0.04	28	1.5777777777777902	31.200000000000173	21.0	0.019325449574689502	10.399999999999979	6.0	0.2095876036128529	6.399999999999993	1.0	0.2725159663085151	dead (regular)
5.0e-5	0.0	0.04	25	1.5500000000000107	26.80000000000011	18.0	0.016918112003709386	9.299999999999983	6.0	0.1826362362613178	62.70000000000062	1.0	0.2381499209649361	alive
7.5e-5	0.0	0.04	24	1.5739130434782715	25.30000000000009	17.0	0.020416326959877464	10.09999999999998	6.0	0.1965266902978735	4.799999999999999	1.0	0.25560798070384877	dead (regular)
0.0001	0.0	0.04	23	1.595454545454556	23.800000000000068	16.0	0.020998836635336575	10.599999999999978	6.0	0.21012006236985656	6.499999999999993	1.0	0.2733671610196982	dead (regular)
0.000125	0.0	0.04	22	1.5904761904762001	22.40000000000005	15.0	0.01985161740090143	10.09999999999998	6.0	0.20012256710430276	5.099999999999998	1.0	0.2603746420224138	dead (regular)
0.00015	0.0	0.04	21	1.5650000000000088	20.900000000000027	14.0	0.017709513131892275	9.299999999999983	6.0	0.18626102379029796	4.100000000000001	1.0	0.24235811795496054	dead (regular)
0.000175	0.0	0.04	21	1.6150000000000095	20.900000000000027	14.0	0.021690797047541427	10.899999999999977	6.0	0.21166048974116766	6.5999999999999925	1.0	0.2755313031818286	dead (regular)
0.0002	0.0	0.04	20	1.573684210526324	19.400000000000006	13.0	0.018131130006126223	9.399999999999983	6.0	0.18810053923972198	4.200000000000001	1.0	0.2448274905537292	dead (regular)
0.000225	0.0	0.04	20	1.6105263157894825	19.400000000000006	13.0	0.021203546877191278	10.599999999999978	6.0	0.20791496036254847	6.199999999999994	1.0	0.27074628597245365	dead (regular)
0.00025	0.0	0.04	19	1.5722222222222295	17.899999999999984	12.0	0.016985820798932624	9.299999999999983	6.0	0.1843024756234318	3.900000000000002	1.0	0.23994249462273673	dead (regular)
0.000275	0.0	0.04	19	1.6333333333333415	17.899999999999984	12.0	0.019305232950188617	10.499999999999979	6.0	0.21110940731981298	6.5999999999999925	1.0	0.27502895425541635	dead (regular)
0.0003	0.0	0.04	19	1.6500000000000083	17.899999999999984	12.0	0.02161632569523508	7.999999999999988	5.0	0.16979962210450178	11.999999999999973	2.0	0.2882561427376746	dead (regular)
0.000325	0.0	0.04	18	1.5764705882353007	16.399999999999963	11.0	0.016678359805180523	9.199999999999983	6.0	0.1831552547085346	13.199999999999969	1.0	0.2392215405188831	dead (regular)
0.00035	0.0	0.04	18	1.6352941176470661	16.399999999999963	11.0	0.01843937196093453	10.19999999999998	6.0	0.2096846480193236	6.499999999999993	1.0	0.27332950861687655	dead (regular)
0.000375	0.0	0.04	18	1.6117647058823599	16.399999999999963	11.0	0.0201954240439699	10.19999999999998	6.0	0.19830931177034064	4.999999999999998	1.0	0.25843937872346934	dead (regular)
0.0004	0.0	0.04	18	1.6588235294117724	16.399999999999963	11.0	0.021946534785324844	7.999999999999988	5.0	0.16938547461810016	11.899999999999974	2.0	0.28797764065772985	dead (regular)
0.000425	0.0	0.04	18	1.7000000000000082	15.199999999999962	10.0	0.01665922972036064	9.099999999999984	6.0	0.18010094984451724	40.80000000000031	2.0	0.3096957244410045	dead (regular)
0.00045	0.0	0.04	17	1.5937500000000058	14.899999999999963	10.0	0.017746192491509206	9.399999999999983	6.0	0.1901944960815946	4.300000000000001	1.0	0.24793088443637393	dead (regular)
0.000475	0.0	0.04	17	1.6500000000000066	14.899999999999963	10.0	0.019074493807287908	10.499999999999979	6.0	0.21150119996851793	6.699999999999992	1.0	0.2759780273868444	dead (regular)
0.0005	0.0	0.04	17	1.6250000000000062	14.999999999999963	10.0	0.02044037222015746	10.29999999999998	6.0	0.20415613412368	5.699999999999996	1.0	0.26634952640649356	dead (regular)
0.0	0.001	0.04	67	1.469696969696951	99.9999999999986	67.0	0.0	0.0	0.0	NaN	0.0	0.0	NaN	alive
2.5e-5	0.001	0.04	28	1.5777777777777902	31.200000000000173	21.0	0.018667669556940814	10.19999999999998	6.0	0.20630652366801658	5.699999999999996	1.0	0.2667210662443127	dead (regular)
5.0e-5	0.001	0.04	26	1.616000000000012	27.000000000000114	18.0	0.016537985362263894	9.099999999999984	6.0	0.17502209184350434	13.299999999999969	2.0	0.29211040864284055	dead (regular)
7.5e-5	0.001	0.04	24	1.5956521739130545	25.30000000000009	17.0	0.019881014003707297	10.499999999999979	6.0	0.20942839604664926	6.299999999999994	1.0	0.27070088495850564	dead (regular)
0.0001	0.001	0.04	23	1.595454545454556	23.800000000000068	16.0	0.02049047233050381	10.499999999999979	6.0	0.20851492947886352	6.099999999999994	1.0	0.26962018019057216	dead (regular)
0.000125	0.001	0.04	22	1.6047619047619146	22.40000000000005	15.0	0.01939509539411111	10.29999999999998	6.0	0.20933979545009462	6.299999999999994	1.0	0.27068900872148316	dead (regular)
0.00015	0.001	0.04	22	1.6714285714285824	20.900000000000027	14.0	0.01732563201309399	9.299999999999983	6.0	0.1837470186748142	30.700000000000166	2.0	0.3025650584915743	dead (regular)
0.000175	0.001	0.04	21	1.6050000000000093	20.900000000000027	14.0	0.02124506678261118	10.599999999999978	6.0	0.20550368558613333	5.699999999999996	1.0	0.2659660124143636	dead (regular)
0.0002	0.001	0.04	20	1.573684210526324	19.400000000000006	13.0	0.017774037753194312	9.399999999999983	6.0	0.1856281995298463	3.900000000000002	1.0	0.24065528624315913	dead (regular)
0.000225	0.001	0.04	20	1.6000000000000085	19.400000000000006	13.0	0.02080286722000018	10.29999999999998	6.0	0.2016039097798368	5.399999999999997	1.0	0.2610812836175178	dead (regular)
0.00025	0.001	0.04	20	1.6842105263157992	17.899999999999984	12.0	0.01667649702596506	9.299999999999983	6.0	0.1817937410203374	23.20000000000006	2.0	0.30202982795668704	dead (regular)
0.000275	0.001	0.04	19	1.627777777777786	17.899999999999984	12.0	0.018965913968981292	10.29999999999998	6.0	0.20884763890459604	6.199999999999994	1.0	0.27037973912021535	dead (regular)
0.0003	0.001	0.04	19	1.6222222222222302	17.899999999999984	12.0	0.021247207393361132	10.699999999999978	6.0	0.2071779521849775	5.899999999999995	1.0	0.2683278796607113	dead (regular)
0.000325	0.001	0.04	19	1.6833333333333422	16.699999999999967	11.0	0.01662555910904222	9.099999999999984	6.0	0.17822697992056855	16.29999999999996	2.0	0.2981079414616019	dead (regular)
0.00035	0.001	0.04	18	1.5882352941176539	16.399999999999963	11.0	0.018143938693676843	9.399999999999983	6.0	0.18977572282042604	4.200000000000001	1.0	0.2461901335999222	dead (regular)
0.000375	0.001	0.04	18	1.5882352941176539	16.399999999999963	11.0	0.019879565244131564	9.699999999999982	6.0	0.19142529596604715	4.200000000000001	1.0	0.2483590367051552	dead (regular)
0.0004	0.001	0.04	18	1.6588235294117724	16.399999999999963	11.0	0.021610353840976686	7.999999999999988	5.0	0.16936243214660585	11.599999999999975	2.0	0.28459764017397604	dead (regular)
0.000425	0.001	0.04	18	1.6764705882353022	15.59999999999996	10.0	0.016668541193138018	8.599999999999985	6.0	0.17461470734782253	13.399999999999968	2.0	0.29314564922806297	dead (regular)
0.00045	0.001	0.04	17	1.5937500000000058	14.899999999999963	10.0	0.01748999201013053	9.399999999999983	6.0	0.18808051580252638	4.000000000000002	1.0	0.24416393254951735	dead (regular)
0.000475	0.001	0.04	17	1.6437500000000065	14.899999999999963	10.0	0.018804494141340326	10.29999999999998	6.0	0.20971390594324235	6.399999999999993	1.0	0.27187594432755796	dead (regular)
0.0005	0.001	0.04	17	1.6312500000000063	14.999999999999963	10.0	0.020154012731162203	10.29999999999998	6.0	0.20621252212508082	5.899999999999995	1.0	0.2674705878311913	dead (regular)
0.0	0.002	0.04	67	1.469696969696951	99.9999999999986	67.0	0.0	0.0	0.0	NaN	0.0	0.0	NaN	alive
2.5e-5	0.002	0.04	28	1.5444444444444565	31.200000000000173	21.0	0.018027051209227755	9.299999999999983	6.0	0.1861780002068942	4.000000000000002	1.0	0.2401384228352338	dead (regular)
5.0e-5	0.002	0.04	26	1.604000000000012	28.300000000000132	19.0	0.02329156522788841	8.099999999999987	5.0	0.17057814824324613	11.399999999999975	2.0	0.2819840711447903	dead (regular)
7.5e-5	0.002	0.04	24	1.5956521739130545	25.30000000000009	17.0	0.019356814775482966	10.399999999999979	6.0	0.2077657551784834	5.999999999999995	1.0	0.26702107090354843	dead (regular)
0.0001	0.002	0.04	23	1.6000000000000105	23.800000000000068	16.0	0.019991978133156504	10.499999999999979	6.0	0.20672258644256186	5.799999999999995	1.0	0.2658307066139364	dead (regular)
0.000125	0.002	0.04	22	1.6047619047619146	22.40000000000005	15.0	0.018949967560939016	10.19999999999998	6.0	0.20596392705363978	5.699999999999996	1.0	0.2649530129757097	dead (regular)
0.00015	0.002	0.04	22	1.657142857142868	20.900000000000027	14.0	0.01694825249015241	9.199999999999983	6.0	0.17895200560985486	15.099999999999962	2.0	0.2941950660769489	dead (regular)
0.000175	0.002	0.04	21	1.5900000000000092	20.900000000000027	14.0	0.02080684678029226	10.19999999999998	6.0	0.1988057141935045	4.999999999999998	1.0	0.2561724552547876	dead (regular)
0.0002	0.002	0.04	21	1.6800000000000104	19.400000000000006	13.0	0.01742252254406868	9.299999999999983	6.0	0.1832595880595633	21.10000000000003	2.0	0.2982571938716984	dead (regular)
0.000225	0.002	0.04	20	1.5842105263157977	19.400000000000006	13.0	0.020408419249245434	9.89999999999998	6.0	0.19450050481731362	4.5	1.0	0.2509340749632474	dead (regular)
0.00025	0.002	0.04	20	1.6631578947368515	18.19999999999999	12.0	0.01657050844700456	8.999999999999984	6.0	0.17647522896289602	13.599999999999968	2.0	0.2914103672975755	dead (regular)
0.000275	0.002	0.04	19	1.627777777777786	17.899999999999984	12.0	0.01863144566186061	10.19999999999998	6.0	0.20758925204634524	5.899999999999995	1.0	0.2672317249185703	dead (regular)
0.0003	0.002	0.04	19	1.611111111111119	17.899999999999984	12.0	0.020883349488732196	10.399999999999979	6.0	0.20132024285297964	5.1999999999999975	1.0	0.2595321558841617	dead (regular)
0.000325	0.002	0.04	19	1.6611111111111196	17.199999999999974	11.0	0.016628590779430526	8.499999999999986	6.0	0.17320645809858376	12.499999999999972	2.0	0.2869219356674872	dead (regular)
0.00035	0.002	0.04	18	1.5882352941176539	16.399999999999963	11.0	0.01785235428287382	9.399999999999983	6.0	0.18753542546989363	3.900000000000002	1.0	0.24238441101515815	dead (regular)
0.000375	0.002	0.04	18	1.6352941176470661	16.399999999999963	11.0	0.019567811625042127	10.499999999999979	6.0	0.20839377471586928	6.099999999999994	1.0	0.26837342838097716	dead (regular)
0.0004	0.002	0.04	18	1.6352941176470661	16.399999999999963	11.0	0.021278532223790888	10.799999999999978	6.0	0.21193082336375516	6.5999999999999925	1.0	0.27274665488827143	dead (regular)
0.000425	0.002	0.04	18	1.6823529411764786	16.09999999999996	11.0	0.022278566067775896	8.599999999999985	5.0	0.17579609797537699	13.199999999999969	2.0	0.29129718410193595	dead (regular)
0.00045	0.002	0.04	17	1.5875000000000057	14.899999999999963	10.0	0.01723680674787485	9.299999999999983	6.0	0.18602639529448103	4.000000000000002	1.0	0.24054705547531297	dead (regular)
0.000475	0.002	0.04	17	1.6437500000000065	14.899999999999963	10.0	0.018537665976164304	10.19999999999998	6.0	0.20805448249948122	5.999999999999995	1.0	0.26817571882151336	dead (regular)
0.0005	0.002	0.04	17	1.6250000000000062	14.999999999999963	10.0	0.019871034642796697	10.09999999999998	6.0	0.20029941614781488	5.099999999999998	1.0	0.2586055732146505	dead (regular)
0.0	0.003	0.04	67	1.469696969696951	99.9999999999986	67.0	0.0	0.0	0.0	NaN	0.0	0.0	NaN	alive
2.5e-5	0.003	0.04	29	1.6178571428571562	31.200000000000173	21.0	0.01740315030045551	9.199999999999983	6.0	0.18076103892448822	15.099999999999962	2.0	0.2920828123522562	dead (regular)
5.0e-5	0.003	0.04	26	1.5800000000000116	28.300000000000132	19.0	0.02189952990476838	10.699999999999978	6.0	0.20569852348310927	5.599999999999996	1.0	0.2630455525563669	dead (regular)
7.5e-5	0.003	0.04	24	1.5913043478260978	25.30000000000009	17.0	0.018843498524978936	10.09999999999998	6.0	0.20454779915755628	5.4999999999999964	1.0	0.2616973169083516	dead (regular)
0.0001	0.003	0.04	23	1.6000000000000105	23.800000000000068	16.0	0.01950316206541391	10.399999999999979	6.0	0.20721315474408336	5.799999999999995	1.0	0.26492072377538195	dead (regular)
0.000125	0.003	0.04	22	1.5952380952381051	22.40000000000005	15.0	0.018512943525850017	9.99999999999998	6.0	0.20145483351631188	5.1999999999999975	1.0	0.2580555003586126	dead (regular)
0.00015	0.003	0.04	22	1.6380952380952485	20.900000000000027	14.0	0.01657726348995731	9.099999999999984	6.0	0.17376570322339988	12.099999999999973	2.0	0.28383253350181276	dead (regular)
0.000175	0.003	0.04	21	1.5750000000000088	20.900000000000027	14.0	0.020376009923647923	9.799999999999981	6.0	0.19213593391612874	4.200000000000001	1.0	0.24690466356485674	dead (regular)
0.0002	0.003	0.04	21	1.6700000000000101	19.400000000000006	13.0	0.017076496670011137	9.299999999999983	6.0	0.1808615087459989	15.499999999999961	2.0	0.2927974608675072	dead (regular)
0.000225	0.003	0.04	20	1.6000000000000085	19.400000000000006	13.0	0.02002010477028575	10.09999999999998	6.0	0.19708451884759026	4.799999999999999	1.0	0.2529151525849134	dead (regular)
0.00025	0.003	0.04	20	1.6473684210526407	18.799999999999997	12.0	0.01653985048585974	8.499999999999986	6.0	0.1718502443776624	11.499999999999975	2.0	0.2816034115216879	dead (regular)
0.000275	0.003	0.04	19	1.5833333333333408	17.899999999999984	12.0	0.018301757184879378	9.399999999999983	6.0	0.18744088051804167	3.900000000000002	1.0	0.24121789763285328	dead (regular)
0.0003	0.003	0.04	19	1.5888888888888966	17.899999999999984	12.0	0.020524676961541612	9.89999999999998	6.0	0.19504289939367825	4.5	1.0	0.2506196208972555	dead (regular)
0.000325	0.003	0.04	19	1.655555555555564	17.899999999999984	12.0	0.023381770313314055	8.099999999999987	5.0	0.171391782868267	11.499999999999975	2.0	0.2811703343068357	dead (regular)
0.00035	0.003	0.04	19	1.700000000000009	16.399999999999963	11.0	0.01756456733120608	9.299999999999983	6.0	0.18324178542485559	18.39999999999999	2.0	0.2951210583909687	dead (regular)
0.000375	0.003	0.04	18	1.6352941176470661	16.399999999999963	11.0	0.019260108518472267	10.399999999999979	6.0	0.2063588630985106	5.699999999999996	1.0	0.2644210767802775	dead (regular)
0.0004	0.003	0.04	18	1.6294117647058897	16.399999999999963	11.0	0.020951012132839536	10.599999999999978	6.0	0.20703026975357505	5.799999999999995	1.0	0.26525768173070097	dead (regular)
0.000425	0.003	0.04	18	1.6588235294117724	16.399999999999963	11.0	0.022916321740767312	8.099999999999987	5.0	0.17033768002443006	11.199999999999976	2.0	0.28007316600540755	dead (regular)
0.00045	0.003	0.04	18	1.7117647058823613	14.899999999999963	10.0	0.01698659980427924	9.199999999999983	6.0	0.18186121761887564	16.89999999999997	2.0	0.294647134898869	dead (regular)
0.000475	0.003	0.04	17	1.6375000000000064	14.899999999999963	10.0	0.01827397135236991	10.09999999999998	6.0	0.20462073428117103	5.4999999999999964	1.0	0.2625186132943478	dead (regular)
0.0005	0.003	0.04	17	1.6187500000000061	14.999999999999963	10.0	0.019591397399162026	9.99999999999998	6.0	0.19807537324054061	4.899999999999999	1.0	0.25457215546870576	dead (regular)
0.0	0.004	0.04	67	1.469696969696951	99.9999999999986	67.0	0.0	0.0	0.0	NaN	0.0	0.0	NaN	alive
2.5e-5	0.004	0.04	29	1.5964285714285844	31.200000000000173	21.0	0.01679553275864456	8.999999999999984	6.0	0.17245959726595875	11.399999999999975	2.0	0.2785662197127362	dead (regular)
5.0e-5	0.004	0.04	26	1.5720000000000116	28.300000000000132	19.0	0.02125783706169951	10.399999999999979	6.0	0.19777996538950854	4.699999999999999	1.0	0.2524052778815552	dead (regular)
7.5e-5	0.004	0.04	25	1.654166666666679	25.30000000000009	17.0	0.018340839103470046	9.299999999999983	6.0	0.18522335975845647	17.899999999999984	2.0	0.291830743100378	dead (regular)
0.0001	0.004	0.04	23	1.6000000000000105	23.800000000000068	16.0	0.019023836308293046	10.29999999999998	6.0	0.20418059898347865	5.299999999999997	1.0	0.26004261893012925	dead (regular)
0.000125	0.004	0.04	23	1.6590909090909205	22.40000000000005	15.0	0.01808387432228984	9.299999999999983	6.0	0.18281854769961586	15.69999999999996	2.0	0.29080301382933726	dead (regular)
0.00015	0.004	0.04	22	1.623809523809534	21.500000000000036	14.0	0.016520090906354472	8.499999999999986	6.0	0.1684117897841942	10.29999999999998	2.0	0.2736938684540009	dead (regular)
0.000175	0.004	0.04	21	1.6100000000000094	20.900000000000027	14.0	0.0199524308813308	10.399999999999979	6.0	0.2059728452579761	5.599999999999996	1.0	0.26215621878374484	dead (regular)
0.0002	0.004	0.04	21	1.65000000000001	19.400000000000006	13.0	0.016735872980759868	9.099999999999984	6.0	0.1738747623468799	11.699999999999974	2.0	0.28124015394823554	dead (regular)
0.000225	0.004	0.04	20	1.6157894736842193	19.400000000000006	13.0	0.019637828013318145	10.29999999999998	6.0	0.2057405418260731	5.599999999999996	1.0	0.26195344829025535	dead (regular)
0.00025	0.004	0.04	20	1.6315789473684301	19.400000000000006	13.0	0.022907590803871693	8.099999999999987	5.0	0.16828192728853542	10.19999999999998	2.0	0.2739576107112364	dead (regular)
0.000275	0.004	0.04	20	1.689473684210536	17.899999999999984	12.0	0.01797677969040902	9.299999999999983	6.0	0.18305536157279084	16.09999999999996	2.0	0.29151741454411106	dead (regular)
0.0003	0.004	0.04	19	1.5777777777777853	17.899999999999984	12.0	0.02017111420547027	9.699999999999982	6.0	0.18819917562402516	4.100000000000001	1.0	0.2411124851588893	dead (regular)
0.000325	0.004	0.04	19	1.6388888888888973	17.899999999999984	12.0	0.02241947650336394	8.099999999999987	5.0	0.16669394324146047	8.499999999999986	2.0	0.27206111953235307	dead (regular)
0.00035	0.004	0.04	19	1.6944444444444535	16.399999999999963	11.0	0.017280527046276854	9.199999999999983	6.0	0.18118614850848888	14.899999999999963	2.0	0.29022660496194536	dead (regular)
0.000375	0.004	0.04	18	1.6352941176470661	16.399999999999963	11.0	0.018956402719652814	10.29999999999998	6.0	0.20635352510692162	5.699999999999996	1.0	0.26291500151349734	dead (regular)
0.0004	0.004	0.04	18	1.6294117647058897	16.399999999999963	11.0	0.020627737177854998	10.599999999999978	6.0	0.20566431930162316	5.4999999999999964	1.0	0.2622708861666003	dead (regular)
0.000425	0.004	0.04	18	1.6470588235294192	16.399999999999963	11.0	0.022298842644487116	8.099999999999987	5.0	0.1668159439873713	8.999999999999984	2.0	0.27252494554540363	dead (regular)
0.00045	0.004	0.04	18	1.7000000000000082	14.899999999999963	10.0	0.01673933541616841	9.199999999999983	6.0	0.17967850552696837	13.999999999999966	2.0	0.28924382246553976	dead (regular)
0.000475	0.004	0.04	17	1.5937500000000058	14.899999999999963	10.0	0.01801337230762714	9.399999999999983	6.0	0.1864683976362736	3.900000000000002	1.0	0.23931316320292784	dead (regular)
0.0005	0.004	0.04	17	1.6437500000000065	14.899999999999963	10.0	0.019284686202898405	10.399999999999979	6.0	0.20597106499704876	5.599999999999996	1.0	0.2627525612962167	dead (regular)
0.0	0.005	0.04	67	1.469696969696951	99.9999999999986	67.0	0.0	0.0	0.0	NaN	0.0	0.0	NaN	alive
2.5e-5	0.005	0.04	29	1.5892857142857273	31.800000000000182	21.0	0.01645555710831577	8.599999999999985	6.0	0.16834790399295602	9.89999999999998	2.0	0.2708588339382888	dead (regular)
5.0e-5	0.005	0.04	26	1.5520000000000111	28.300000000000132	19.0	0.02063112985200494	9.699999999999982	6.0	0.18867747933563167	4.100000000000001	1.0	0.2403757299343221	dead (regular)
7.5e-5	0.005	0.04	25	1.6416666666666788	25.30000000000009	17.0	0.017848615189828096	9.199999999999983	6.0	0.18035143148062205	13.399999999999968	2.0	0.2853834477608759	dead (regular)
0.0001	0.005	0.04	24	1.6608695652174033	23.800000000000068	16.0	0.018553815220996313	9.399999999999983	6.0	0.18484303628406307	15.99999999999996	2.0	0.28888867875435836	dead (regular)
0.000125	0.005	0.04	23	1.6454545454545566	22.40000000000005	15.0	0.017662614631087946	9.199999999999983	6.0	0.17818097936497132	12.69999999999997	2.0	0.28314384707526175	dead (regular)
0.00015	0.005	0.04	22	1.6095238095238196	22.40000000000005	15.0	0.023001420806002985	10.999999999999977	6.0	0.21024254362398592	5.999999999999995	1.0	0.26552898197944513	dead (regular)
0.000175	0.005	0.04	21	1.6100000000000094	20.900000000000027	14.0	0.01953598633965375	10.29999999999998	6.0	0.20515580110756446	5.399999999999997	1.0	0.2599099997401283	dead (regular)
0.0002	0.005	0.04	21	1.64000000000001	19.60000000000001	13.0	0.016518018656175092	8.899999999999984	6.0	0.1716206341708512	10.899999999999977	2.0	0.2754369102800137	dead (regular)
0.000225	0.005	0.04	20	1.6210526315789562	19.400000000000006	13.0	0.019261493214146046	10.29999999999998	6.0	0.20597966573946405	5.4999999999999964	1.0	0.26091743350464935	dead (regular)
0.00025	0.005	0.04	20	1.6157894736842193	19.400000000000006	13.0	0.022080570491686977	10.799999999999978	6.0	0.205213079341736	5.399999999999997	1.0	0.2601160403768379	dead (regular)
0.000275	0.005	0.04	20	1.6842105263157992	17.899999999999984	12.0	0.017656444574508025	9.199999999999983	6.0	0.180885340749115	13.799999999999967	2.0	0.2865938955303353	dead (regular)
0.0003	0.005	0.04	19	1.6222222222222302	17.899999999999984	12.0	0.019822587180685965	10.399999999999979	6.0	0.20407257358979103	5.399999999999997	1.0	0.2587642725680054	dead (regular)
0.000325	0.005	0.04	19	1.6388888888888973	17.899999999999984	12.0	0.021981375677371028	7.999999999999988	5.0	0.16773953729056787	9.599999999999982	2.0	0.2709696687701427	dead (regular)
0.00035	0.005	0.04	19	1.6833333333333422	16.399999999999963	11.0	0.017000184032618895	9.199999999999983	6.0	0.17895801881084106	13.09999999999997	2.0	0.2848231101263973	dead (regular)
0.000375	0.005	0.04	18	1.6294117647058897	16.399999999999963	11.0	0.018656641039616763	10.09999999999998	6.0	0.20278411797363935	5.1999999999999975	1.0	0.257503164340778	dead (regular)
0.0004	0.005	0.04	18	1.5882352941176539	16.399999999999963	11.0	0.020308651485861185	9.799999999999981	6.0	0.18977862432491988	4.000000000000002	1.0	0.24238690928306325	dead (regular)
0.000425	0.005	0.04	18	1.6470588235294192	16.399999999999963	11.0	0.021956231109312333	7.999999999999988	5.0	0.16694061768994295	8.499999999999986	2.0	0.27017360692174713	dead (regular)
0.00045	0.005	0.04	18	1.6764705882353022	14.999999999999963	10.0	0.016569410814277152	8.999999999999984	6.0	0.17379820341266974	11.599999999999975	2.0	0.27900984086761005	dead (regular)
0.000475	0.005	0.04	18	1.7235294117647144	14.899999999999963	10.0	0.017755831680012508	9.299999999999983	6.0	0.1844853925071272	16.29999999999996	2.0	0.28989834158631855	dead (regular)
0.0005	0.005	0.04	17	1.6437500000000065	14.899999999999963	10.0	0.019014012495657644	10.29999999999998	6.0	0.20617621605482478	5.599999999999996	1.0	0.2615484984532196	dead (regular)
0.0	0.006	0.04	67	1.469696969696951	99.9999999999986	67.0	0.0	0.0	0.0	NaN	0.0	0.0	NaN	alive
2.5e-5	0.006	0.04	29	1.571428571428584	32.700000000000195	22.0	0.021997595142194466	10.799999999999978	6.0	0.2051253109504182	5.299999999999997	1.0	0.25836019468251403	dead (regular)
5.0e-5	0.006	0.04	26	1.5840000000000116	28.300000000000132	19.0	0.02001905999295306	10.399999999999979	6.0	0.2035366170533851	5.1999999999999975	1.0	0.2565559992603463	dead (regular)
7.5e-5	0.006	0.04	25	1.6333333333333453	25.30000000000009	17.0	0.017366609655837948	9.099999999999984	6.0	0.17761526376128428	12.099999999999973	2.0	0.27946523543862195	dead (regular)
0.0001	0.006	0.04	24	1.65217391304349	23.800000000000068	16.0	0.01809291834031976	9.299999999999983	6.0	0.18222035561404207	13.599999999999968	2.0	0.2842779299029773	dead (regular)
0.000125	0.006	0.04	23	1.640909090909102	22.40000000000005	15.0	0.01724902106114455	9.099999999999984	6.0	0.17569054228691944	11.599999999999975	2.0	0.2774639646716423	dead (regular)
0.00015	0.006	0.04	22	1.5952380952381051	22.40000000000005	15.0	0.02194912589566038	10.599999999999978	6.0	0.20173771462694715	4.999999999999998	1.0	0.2547589682786752	dead (regular)
0.000175	0.006	0.04	21	1.6050000000000093	20.900000000000027	14.0	0.019126555293511427	10.09999999999998	6.0	0.20172904527025878	5.099999999999998	1.0	0.2546430110732048	dead (regular)
0.0002	0.006	0.04	21	1.6300000000000097	20.40000000000002	14.0	0.021466399244104685	8.299999999999986	5.0	0.16888008777673047	9.89999999999998	2.0	0.2696733415474304	dead (regular)
0.000225	0.006	0.04	20	1.6105263157894825	19.400000000000006	13.0	0.018891007445498327	10.09999999999998	6.0	0.19985836007736216	4.799999999999999	1.0	0.2528036935558609	dead (regular)
0.00025	0.006	0.04	20	1.6052631578947454	19.400000000000006	13.0	0.021670344209008225	10.499999999999979	6.0	0.20017495527771503	4.899999999999999	1.0	0.2531002190902906	dead (regular)
0.000275	0.006	0.04	20	1.6736842105263254	17.899999999999984	12.0	0.01734068430482029	9.299999999999983	6.0	0.17896962580688802	12.499999999999972	2.0	0.28177962347124474	dead (regular)
0.0003	0.006	0.04	19	1.6222222222222302	17.899999999999984	12.0	0.019479023673058538	10.29999999999998	6.0	0.2037876676474172	5.299999999999997	1.0	0.25715932868562746	dead (regular)
0.000325	0.006	0.04	19	1.6222222222222302	17.899999999999984	12.0	0.02161018001616499	10.699999999999978	6.0	0.20555564997937117	5.399999999999997	1.0	0.2592812419364843	dead (regular)
0.00035	0.006	0.04	19	1.6611111111111196	16.399999999999963	11.0	0.016723489123412136	8.999999999999984	6.0	0.17231335286562682	10.799999999999978	2.0	0.274288020919641	dead (regular)
0.000375	0.006	0.04	19	1.7055555555555648	16.399999999999963	11.0	0.01836077126239059	9.399999999999983	6.0	0.18466634733040194	15.199999999999962	2.0	0.2867412395594513	dead (regular)
0.0004	0.006	0.04	18	1.6294117647058897	16.399999999999963	11.0	0.01999369938697607	10.399999999999979	6.0	0.2044342245435824	5.399999999999997	1.0	0.2580061867695942	dead (regular)
0.000425	0.006	0.04	18	1.6294117647058897	16.399999999999963	11.0	0.021622288476117097	10.699999999999978	6.0	0.20665012477825245	5.599999999999996	1.0	0.26054907133787875	dead (regular)
0.00045	0.006	0.04	18	1.664705882352949	15.399999999999961	10.0	0.016574903061611693	8.799999999999985	6.0	0.17173714495812903	10.699999999999978	2.0	0.27390659978283144	dead (regular)
0.000475	0.006	0.04	18	1.7117647058823613	14.899999999999963	10.0	0.017501312788467293	9.299999999999983	6.0	0.18248624428348814	14.099999999999966	2.0	0.2856114818480504	dead (regular)
0.0005	0.006	0.04	17	1.6375000000000064	14.899999999999963	10.0	0.018746508965297802	10.19999999999998	6.0	0.20284379365433652	5.1999999999999975	1.0	0.25646173901603087	dead (regular)
0.0	0.007	0.04	67	1.469696969696951	99.9999999999986	67.0	0.0	0.0	0.0	NaN	0.0	0.0	NaN	alive
2.5e-5	0.007	0.04	29	1.5678571428571555	32.700000000000195	22.0	0.02121027439377252	10.499999999999979	6.0	0.20239535429943228	5.099999999999998	1.0	0.25392900955292247	dead (regular)
5.0e-5	0.007	0.04	26	1.5800000000000116	28.300000000000132	19.0	0.0194212870384084	10.09999999999998	6.0	0.19995319298433012	4.799999999999999	1.0	0.2514310981635838	dead (regular)
7.5e-5	0.007	0.04	25	1.6125000000000116	25.30000000000009	17.0	0.016894609966213607	8.999999999999984	6.0	0.17002169456921784	9.799999999999981	2.0	0.268554418385158	dead (regular)
0.0001	0.007	0.04	24	1.6391304347826203	23.800000000000068	16.0	0.017640967320573398	9.199999999999983	6.0	0.17759633613663878	11.699999999999974	2.0	0.2769427370370214	dead (regular)
0.000125	0.007	0.04	23	1.627272727272738	22.40000000000005	15.0	0.01684295305620294	8.999999999999984	6.0	0.17062213631829284	9.99999999999998	2.0	0.2693124331010657	dead (regular)
0.00015	0.007	0.04	22	1.5857142857142954	22.40000000000005	15.0	0.021464530872014803	10.29999999999998	6.0	0.19575943650171052	4.6	1.0	0.24665923880956236	dead (regular)
0.000175	0.007	0.04	21	1.6000000000000092	20.900000000000027	14.0	0.018724018689033672	9.99999999999998	6.0	0.19679216113419778	4.6	1.0	0.24799750027979378	dead (regular)
0.0002	0.007	0.04	21	1.6100000000000094	20.900000000000027	14.0	0.02257922147415369	10.899999999999977	6.0	0.20418032357785315	5.1999999999999975	1.0	0.2562907142037238	dead (regular)
0.000225	0.007	0.04	21	1.6750000000000103	19.400000000000006	13.0	0.018526278584433044	9.399999999999983	6.0	0.18138622760019904	12.89999999999997	2.0	0.2810545656351414	dead (regular)
0.00025	0.007	0.04	20	1.6000000000000085	19.400000000000006	13.0	0.021266469159477476	10.399999999999979	6.0	0.19435200411815978	4.4	1.0	0.24537244384615964	dead (regular)
0.000275	0.007	0.04	20	1.6684210526315884	17.899999999999984	12.0	0.017029432660968978	9.199999999999983	6.0	0.17674446124443374	11.599999999999975	2.0	0.27651540136011565	dead (regular)
0.0003	0.007	0.04	19	1.6222222222222302	17.899999999999984	12.0	0.019140351278343966	10.19999999999998	6.0	0.20179120942272763	4.999999999999998	1.0	0.25380704331179066	dead (regular)
0.000325	0.007	0.04	19	1.6055555555555634	17.899999999999984	12.0	0.021244254286266497	10.399999999999979	6.0	0.19508223722292767	4.5	1.0	0.24624398254922464	dead (regular)
0.00035	0.007	0.04	19	1.655555555555564	16.499999999999964	11.0	0.016513977172244402	8.999999999999984	6.0	0.17058065554496335	9.99999999999998	2.0	0.27005941815910595	dead (regular)
0.000375	0.007	0.04	19	1.700000000000009	16.399999999999963	11.0	0.018068741947902933	9.299999999999983	6.0	0.18263261217890978	13.499999999999968	2.0	0.282509457368592	dead (regular)
0.0004	0.007	0.04	18	1.6294117647058897	16.399999999999963	11.0	0.019682826305983024	10.29999999999998	6.0	0.20247676504761247	5.099999999999998	1.0	0.2546681834039832	dead (regular)
0.000425	0.007	0.04	18	1.623529411764713	16.399999999999963	11.0	0.02129266164679316	10.599999999999978	6.0	0.20220386568278859	5.099999999999998	1.0	0.2543690253893328	dead (regular)
0.00045	0.007	0.04	18	1.6588235294117724	15.99999999999996	11.0	0.021590176825435348	8.399999999999986	5.0	0.17028457691051693	10.09999999999998	2.0	0.2697821465818393	dead (regular)
0.000475	0.007	0.04	18	1.6941176470588317	14.899999999999963	10.0	0.017249779514680513	9.199999999999983	6.0	0.17851477331288984	12.199999999999973	2.0	0.2789825170290128	dead (regular)
0.0005	0.007	0.04	17	1.6312500000000063	14.899999999999963	10.0	0.01848213770998707	9.99999999999998	6.0	0.1996373718463197	4.899999999999999	1.0	0.2516025410202139	dead (regular)
0.0	0.008	0.04	67	1.469696969696951	99.9999999999986	67.0	0.0	0.0	0.0	NaN	0.0	0.0	NaN	alive
2.5e-5	0.008	0.04	29	1.571428571428584	32.700000000000195	22.0	0.020471990509155803	10.499999999999979	6.0	0.20231922989349765	4.999999999999998	1.0	0.25274371765146375	dead (regular)
5.0e-5	0.008	0.04	26	1.5720000000000116	28.300000000000132	19.0	0.018837478759812835	9.89999999999998	6.0	0.19340710910082462	4.4	1.0	0.24280874826330504	dead (regular)
7.5e-5	0.008	0.04	25	1.608333333333345	25.40000000000009	17.0	0.01648089931297558	8.899999999999984	6.0	0.16757397919497466	7.499999999999989	2.0	0.26336174791929556	dead (regular)
0.0001	0.008	0.04	24	1.621739130434794	23.800000000000068	16.0	0.01719778750762024	8.999999999999984	6.0	0.17064953387638923	9.799999999999981	2.0	0.26700855804248025	dead (regular)
0.000125	0.008	0.04	23	1.6136363636363742	22.300000000000047	15.0	0.016452280900197534	8.899999999999984	6.0	0.16660880985300447	6.799999999999992	2.0	0.26222246942679184	dead (regular)
0.00015	0.008	0.04	23	1.6772727272727388	22.40000000000005	15.0	0.020988698340735273	9.89999999999998	6.0	0.1891874792532573	15.99999999999996	2.0	0.28207756062980144	dead (regular)
0.000175	0.008	0.04	22	1.657142857142868	20.900000000000027	14.0	0.018328258598836935	9.299999999999983	6.0	0.1794224824387802	11.899999999999974	2.0	0.27640284129569276	dead (regular)
0.0002	0.008	0.04	21	1.595000000000009	20.900000000000027	14.0	0.02182376719572935	10.399999999999979	6.0	0.19706208071220827	4.699999999999999	1.0	0.24704676218448207	dead (regular)
0.000225	0.008	0.04	21	1.6650000000000102	19.400000000000006	13.0	0.018167215946538053	9.299999999999983	6.0	0.17918479254899078	11.899999999999974	2.0	0.27624238927768663	dead (regular)
0.00025	0.008	0.04	21	1.6950000000000105	19.400000000000006	13.0	0.020868846168394767	9.89999999999998	6.0	0.1884068207994479	15.59999999999996	2.0	0.2823005530148994	dead (regular)
0.000275	0.008	0.04	20	1.6421052631579038	17.899999999999984	12.0	0.016722623561430314	9.099999999999984	6.0	0.16992203602359873	9.699999999999982	2.0	0.2666945876088839	dead (regular)
0.0003	0.008	0.04	19	1.6166666666666747	17.899999999999984	12.0	0.018806499711797348	9.99999999999998	6.0	0.1981958229710435	4.6	1.0	0.2488124289373807	dead (regular)
0.000325	0.008	0.04	19	1.5833333333333408	17.899999999999984	12.0	0.020883522805671167	9.89999999999998	6.0	0.1896752960018836	4.000000000000002	1.0	0.23926664891657	dead (regular)
0.00035	0.008	0.04	19	1.6388888888888973	17.099999999999973	11.0	0.016553906450322734	11.499999999999975	7.0	0.21056875646935536	5.899999999999995	1.0	0.2617853578646547	dead (regular)
0.000375	0.008	0.04	19	1.6833333333333422	16.399999999999963	11.0	0.01778050215711466	9.199999999999983	6.0	0.1785666563856671	11.799999999999974	2.0	0.27611680552131157	dead (regular)
0.0004	0.008	0.04	18	1.6294117647058897	16.399999999999963	11.0	0.01937597863076693	10.29999999999998	6.0	0.20250509530793084	5.099999999999998	1.0	0.2534110285131028	dead (regular)
0.000425	0.008	0.04	18	1.623529411764713	16.399999999999963	11.0	0.020967294000431545	10.499999999999979	6.0	0.20118229114355607	4.899999999999999	1.0	0.2521798841561384	dead (regular)
0.00045	0.008	0.04	18	1.6411764705882428	16.499999999999964	11.0	0.023055060593150465	10.999999999999977	6.0	0.20754857598519058	5.4999999999999964	1.0	0.25900669273853416	dead (regular)
0.000475	0.008	0.04	18	1.6882352941176553	14.899999999999963	10.0	0.017001195438243674	9.199999999999983	6.0	0.1764210646626508	11.199999999999976	2.0	0.2744550523840103	dead (regular)
0.0005	0.008	0.04	18	1.717647058823538	14.899999999999963	10.0	0.018220861274873965	9.299999999999983	6.0	0.18272647868964298	13.09999999999997	2.0	0.2802839307532203	dead (regular)
0.0	0.009	0.04	67	1.469696969696951	99.9999999999986	67.0	0.0	0.0	0.0	NaN	0.0	0.0	NaN	alive
2.5e-5	0.009	0.04	29	1.571428571428584	32.700000000000195	22.0	0.019753830856240263	10.29999999999998	6.0	0.1997187772052493	4.699999999999999	1.0	0.24892046844914598	dead (regular)
5.0e-5	0.009	0.04	27	1.619230769230782	28.300000000000132	19.0	0.018267309669014735	9.299999999999983	6.0	0.17738335319643625	10.999999999999977	2.0	0.27171341742978394	dead (regular)
7.5e-5	0.009	0.04	25	1.5958333333333448	26.80000000000011	18.0	0.02313656825744996	11.099999999999977	6.0	0.20792568734688768	5.399999999999997	1.0	0.2576128552465765	dead (regular)
0.0001	0.009	0.04	24	1.6130434782608807	23.800000000000068	16.0	0.016763207833763446	8.899999999999984	6.0	0.16731743732207316	6.999999999999991	2.0	0.26110129219631406	dead (regular)
0.000125	0.009	0.04	23	1.6090909090909198	23.500000000000064	16.0	0.021747178110800555	11.299999999999976	6.0	0.20914018150166286	5.599999999999996	1.0	0.25874613926651885	dead (regular)
0.00015	0.009	0.04	23	1.6545454545454659	22.40000000000005	15.0	0.020521468362774027	9.599999999999982	6.0	0.18191326006615172	12.199999999999973	2.0	0.2760843474953859	dead (regular)
0.000175	0.009	0.04	22	1.652380952380963	20.900000000000027	14.0	0.01793916042035879	9.199999999999983	6.0	0.17720007966017934	11.099999999999977	2.0	0.27167644667598806	dead (regular)
0.0002	0.009	0.04	21	1.580000000000009	20.900000000000027	14.0	0.02138097388219432	10.09999999999998	6.0	0.19135108933032124	4.100000000000001	1.0	0.24002931201456582	dead (regular)
0.000225	0.009	0.04	21	1.6600000000000101	19.400000000000006	13.0	0.017813730102718014	9.199999999999983	6.0	0.1770833641144185	11.099999999999977	2.0	0.271692242283046	dead (regular)
0.00025	0.009	0.04	21	1.6750000000000103	19.400000000000006	13.0	0.02047737666290619	9.699999999999982	6.0	0.1819303915406047	12.199999999999973	2.0	0.27652281488926417	dead (regular)
0.000275	0.009	0.04	20	1.6421052631579038	18.099999999999987	12.0	0.016533736462920452	8.899999999999984	6.0	0.1678741470685918	7.499999999999989	2.0	0.2623267459694926	dead (regular)
0.0003	0.009	0.04	20	1.6842105263157992	17.899999999999984	12.0	0.018477398889396982	9.299999999999983	6.0	0.181234635049187	12.099999999999973	2.0	0.27591774330379704	dead (regular)
0.000325	0.009	0.04	20	1.689473684210536	17.899999999999984	12.0	0.0205279108709205	9.699999999999982	6.0	0.1834298377561449	12.69999999999997	2.0	0.2778975251049226	dead (regular)
0.00035	0.009	0.04	19	1.6333333333333415	17.899999999999984	12.0	0.023279173255343545	11.099999999999977	6.0	0.2091950565224933	5.699999999999996	1.0	0.25900103619209097	dead (regular)
0.000375	0.009	0.04	19	1.6777777777777867	16.399999999999963	11.0	0.01749600134086213	9.199999999999983	6.0	0.17655464593804288	10.899999999999977	2.0	0.27192647530944725	dead (regular)
0.0004	0.009	0.04	18	1.6294117647058897	16.399999999999963	11.0	0.019073103107655066	10.19999999999998	6.0	0.19895865856988862	4.6	1.0	0.24877760972822954	dead (regular)
0.000425	0.009	0.04	18	1.6176470588235365	16.399999999999963	11.0	0.02064612908135688	10.29999999999998	6.0	0.1980078865241468	4.699999999999999	1.0	0.24742492217818368	dead (regular)
0.00045	0.009	0.04	18	1.6470588235294192	16.399999999999963	11.0	0.02221839740619484	11.099999999999977	6.0	0.2097072917405416	5.599999999999996	1.0	0.2600353297331845	dead (regular)
0.000475	0.009	0.04	18	1.664705882352949	14.899999999999963	10.0	0.016755525330498	8.999999999999984	6.0	0.17009734903497148	9.599999999999982	2.0	0.2653300261683954	dead (regular)
0.0005	0.009	0.04	18	1.7058823529411848	14.899999999999963	10.0	0.01796264234986069	9.299999999999983	6.0	0.1807503855099693	11.999999999999973	2.0	0.27624053910596297	dead (regular)
0.0	0.01	0.04	67	1.469696969696951	99.9999999999986	67.0	0.0	0.0	0.0	NaN	0.0	0.0	NaN	alive
2.5e-5	0.01	0.04	30	1.6137931034482895	32.700000000000195	22.0	0.0190552526435946	9.299999999999983	6.0	0.18038715139440914	11.399999999999975	2.0	0.27210686769455245	dead (regular)
5.0e-5	0.01	0.04	27	1.611538461538474	28.300000000000132	19.0	0.01771046201180964	9.199999999999983	6.0	0.17468791348734916	10.19999999999998	2.0	0.2667758137142003	dead (regular)
7.5e-5	0.01	0.04	26	1.6640000000000128	26.80000000000011	18.0	0.021739741472292334	10.09999999999998	6.0	0.1912915163990081	15.299999999999962	2.0	0.277784513942222	dead (regular)
0.0001	0.01	0.04	24	1.6086956521739242	24.100000000000072	16.0	0.016464575171251154	8.799999999999985	6.0	0.1662930508070815	5.799999999999995	2.0	0.2579443503745856	dead (regular)
0.000125	0.01	0.04	23	1.5863636363636466	23.90000000000007	16.0	0.022073240226050117	10.499999999999979	6.0	0.19480873689415065	4.300000000000001	1.0	0.2427765304134843	dead (regular)
0.00015	0.01	0.04	22	1.6000000000000099	22.40000000000005	15.0	0.020062685349734006	10.29999999999998	6.0	0.20030781024004798	4.799999999999999	1.0	0.24843778718231657	dead (regular)
0.000175	0.01	0.04	22	1.6428571428571535	20.900000000000027	14.0	0.017556610437993996	9.199999999999983	6.0	0.17490887693410828	10.29999999999998	2.0	0.2673031094150804	dead (regular)
0.0002	0.01	0.04	22	1.6714285714285824	20.900000000000027	14.0	0.020945598986164913	9.799999999999981	6.0	0.18480318135922585	12.69999999999997	2.0	0.27591415106040024	dead (regular)
0.000225	0.01	0.04	21	1.65500000000001	19.400000000000006	13.0	0.017465733388579305	9.199999999999983	6.0	0.17487056919278798	10.29999999999998	2.0	0.2674306546240728	dead (regular)
0.00025	0.01	0.04	20	1.6157894736842193	19.400000000000006	13.0	0.020091965243219247	10.399999999999979	6.0	0.2003547459948849	4.799999999999999	1.0	0.24865684763638407	dead (regular)
0.000275	0.01	0.04	20	1.626315789473693	18.799999999999997	12.0	0.016510501268343948	11.399999999999975	7.0	0.2078052048180289	5.399999999999997	1.0	0.2564297657238306	dead (regular)
0.0003	0.01	0.04	20	1.6684210526315884	17.899999999999984	12.0	0.01815298013320455	9.199999999999983	6.0	0.17713802648450663	10.799999999999978	2.0	0.269847761201102	dead (regular)
0.000325	0.01	0.04	19	1.6222222222222302	17.899999999999984	12.0	0.02017734438316835	10.399999999999979	6.0	0.19976481285599604	4.699999999999999	1.0	0.24828447184249106	dead (regular)
0.00035	0.01	0.04	19	1.6333333333333415	17.899999999999984	12.0	0.0222973430782245	10.999999999999977	6.0	0.20740108888470404	5.299999999999997	1.0	0.25630908473197317	dead (regular)
0.000375	0.01	0.04	19	1.672222222222231	16.399999999999963	11.0	0.017215190457424482	9.099999999999984	6.0	0.1745641543975751	10.29999999999998	2.0	0.267513446138461	dead (regular)
0.0004	0.01	0.04	18	1.623529411764713	16.399999999999963	11.0	0.01877414711549701	9.99999999999998	6.0	0.19568812495988355	4.4	1.0	0.244044561289592	dead (regular)
0.000425	0.01	0.04	18	1.6176470588235365	16.399999999999963	11.0	0.020329112041541038	10.29999999999998	6.0	0.1927020520431284	4.300000000000001	1.0	0.2405995071379496	dead (regular)
0.00045	0.01	0.04	18	1.623529411764713	16.399999999999963	11.0	0.02188009910208289	10.699999999999978	6.0	0.2010780421552285	4.899999999999999	1.0	0.24963870900846857	dead (regular)
0.000475	0.01	0.04	18	1.6588235294117724	14.999999999999963	10.0	0.01658124635354223	8.999999999999984	6.0	0.1686172913859975	7.999999999999988	2.0	0.2617638539330935	dead (regular)
0.0005	0.01	0.04	18	1.6941176470588317	14.899999999999963	10.0	0.017707444463161044	9.299999999999983	6.0	0.1788109538220897	11.299999999999976	2.0	0.2718427184345153	dead (regular)
0.0	0.011	0.04	67	1.469696969696951	99.9999999999986	67.0	0.0	0.0	0.0	NaN	0.0	0.0	NaN	alive
2.5e-5	0.011	0.04	30	1.6000000000000134	32.700000000000195	22.0	0.018375725638072507	9.199999999999983	6.0	0.1751684963563394	10.09999999999998	2.0	0.2649959806985963	dead (regular)
5.0e-5	0.011	0.04	27	1.5961538461538585	28.300000000000132	19.0	0.01716662492189663	8.999999999999984	6.0	0.1673915313930744	6.699999999999992	2.0	0.2569548397022281	dead (regular)
7.5e-5	0.011	0.04	26	1.6400000000000126	26.80000000000011	18.0	0.021146841182274303	9.799999999999981	6.0	0.18345044319436937	11.899999999999974	2.0	0.27229405881687485	dead (regular)
0.0001	0.011	0.04	24	1.600000000000011	25.30000000000009	17.0	0.022851322269455812	11.099999999999977	6.0	0.20631367589954258	5.1999999999999975	1.0	0.25346728845445654	dead (regular)
0.000125	0.011	0.04	24	1.6652173913043598	23.90000000000007	16.0	0.021439268737642035	9.99999999999998	6.0	0.18798926926894718	13.199999999999969	2.0	0.27530407577392546	dead (regular)
0.00015	0.011	0.04	22	1.5952380952381051	22.40000000000005	15.0	0.01961219513210942	10.09999999999998	6.0	0.19562928970736482	4.5	1.0	0.24226619696462232	dead (regular)
0.000175	0.011	0.04	22	1.6285714285714388	20.900000000000027	14.0	0.01718049746471665	8.999999999999984	6.0	0.1683591220951608	7.29999999999999	2.0	0.2585694703652808	dead (regular)
0.0002	0.011	0.04	21	1.6100000000000094	20.900000000000027	14.0	0.020517517335167837	10.499999999999979	6.0	0.19902752124070006	4.6	1.0	0.24627949919620662	dead (regular)
0.000225	0.011	0.04	21	1.6350000000000098	19.400000000000006	13.0	0.01712313921068287	8.999999999999984	6.0	0.16844602802353162	7.29999999999999	2.0	0.25886724423991353	dead (regular)
0.00025	0.011	0.04	20	1.6105263157894825	19.400000000000006	13.0	0.019712516181040786	10.19999999999998	6.0	0.19837722066678096	4.6	1.0	0.24555421086515278	dead (regular)
0.000275	0.011	0.04	20	1.626315789473693	19.400000000000006	13.0	0.022766867344337492	11.099999999999977	6.0	0.2073898690488979	5.299999999999997	1.0	0.2548137841952991	dead (regular)
0.0003	0.011	0.04	20	1.6631578947368515	17.899999999999984	12.0	0.017833175528687316	9.099999999999984	6.0	0.17520610118811258	10.19999999999998	2.0	0.2657579977512379	dead (regular)
0.000325	0.011	0.04	19	1.6222222222222302	17.899999999999984	12.0	0.019831750512566575	10.29999999999998	6.0	0.1995616077181957	4.699999999999999	1.0	0.24687190512273316	dead (regular)
0.00035	0.011	0.04	19	1.611111111111119	17.899999999999984	12.0	0.021823964421459497	10.499999999999979	6.0	0.19797904219222848	4.6	1.0	0.2452181598964443	dead (regular)
0.000375	0.011	0.04	19	1.6500000000000083	16.399999999999963	11.0	0.01693802010020304	8.999999999999984	6.0	0.16808471177477058	7.19999999999999	2.0	0.25880305838931716	dead (regular)
0.0004	0.011	0.04	19	1.688888888888898	16.399999999999963	11.0	0.01847905891948681	9.299999999999983	6.0	0.1795600786023648	11.099999999999977	2.0	0.2701071355168807	dead (regular)
0.000425	0.011	0.04	18	1.6294117647058897	16.399999999999963	11.0	0.020016187941869965	10.399999999999979	6.0	0.19979458346741583	4.699999999999999	1.0	0.24731679472173285	dead (regular)
0.00045	0.011	0.04	18	1.6176470588235365	16.399999999999963	11.0	0.021549420678532858	10.499999999999979	6.0	0.19694346848865765	4.5	1.0	0.24434911535135656	dead (regular)
0.000475	0.011	0.04	18	1.652941176470596	15.399999999999961	10.0	0.016561193482263883	8.699999999999985	6.0	0.16657277097721354	6.099999999999994	2.0	0.2573568809287868	dead (regular)
0.0005	0.011	0.04	18	1.6941176470588317	14.899999999999963	10.0	0.017455231221685328	9.199999999999983	6.0	0.17709848311026685	10.599999999999978	2.0	0.268215675911884	dead (regular)
0.0	0.012	0.04	67	1.469696969696951	99.9999999999986	67.0	0.0	0.0	0.0	NaN	0.0	0.0	NaN	alive
2.5e-5	0.012	0.04	30	1.5931034482758755	32.700000000000195	22.0	0.017714734550051646	9.099999999999984	6.0	0.17170944530773752	8.999999999999984	2.0	0.2599407586640966	dead (regular)
5.0e-5	0.012	0.04	27	1.5884615384615506	28.300000000000132	19.0	0.016635494557487245	11.899999999999974	7.0	0.20493520716984714	5.099999999999998	1.0	0.25068402623635627	dead (regular)
7.5e-5	0.012	0.04	25	1.5833333333333446	26.80000000000011	18.0	0.02056693123350106	10.399999999999979	6.0	0.19671557457111755	4.5	1.0	0.24240172812542482	dead (regular)
0.0001	0.012	0.04	24	1.5869565217391413	25.30000000000009	17.0	0.021648914592955294	10.599999999999978	6.0	0.19716204330107664	4.4	1.0	0.24327780964707368	dead (regular)
0.000125	0.012	0.04	24	1.6434782608695768	23.90000000000007	16.0	0.020928196479418962	9.599999999999982	6.0	0.1806634533970485	10.999999999999977	2.0	0.2680378066764379	dead (regular)
0.00015	0.012	0.04	23	1.7090909090909212	22.40000000000005	15.0	0.01916984698636867	9.89999999999998	6.0	0.19161193360953416	13.999999999999966	2.0	0.2744243574308447	dead (regular)
0.000175	0.012	0.04	22	1.6190476190476293	20.900000000000027	14.0	0.01681071140569368	11.999999999999973	7.0	0.20756676409470134	5.299999999999997	1.0	0.25351191064232836	dead (regular)
0.0002	0.012	0.04	21	1.6050000000000093	20.900000000000027	14.0	0.020096605433838392	10.29999999999998	6.0	0.19720145842246758	4.5	1.0	0.24319068559950063	dead (regular)
0.000225	0.012	0.04	21	1.6250000000000095	19.400000000000006	13.0	0.016785862240395216	11.999999999999973	7.0	0.20795132277563505	5.399999999999997	1.0	0.25376985782153094	dead (regular)
0.00025	0.012	0.04	20	1.6052631578947454	19.400000000000006	13.0	0.01933893616855913	9.99999999999998	6.0	0.19475388115333858	4.4	1.0	0.2405352786732557	dead (regular)
0.000275	0.012	0.04	21	1.715000000000011	19.400000000000006	13.0	0.021881932872858806	10.19999999999998	6.0	0.19099177715649837	13.899999999999967	2.0	0.27442176756726344	dead (regular)
0.0003	0.012	0.04	20	1.6578947368421146	17.899999999999984	12.0	0.01751791854478044	9.099999999999984	6.0	0.17309319625573216	9.499999999999982	2.0	0.26203693540375433	dead (regular)
0.000325	0.012	0.04	19	1.6166666666666747	17.899999999999984	12.0	0.019491057745073186	10.09999999999998	6.0	0.19609805301924088	4.4	1.0	0.24230329059210576	dead (regular)
0.00035	0.012	0.04	19	1.6166666666666747	17.899999999999984	12.0	0.021457982222914024	10.599999999999978	6.0	0.198390371079712	4.6	1.0	0.24460011295546266	dead (regular)
0.000375	0.012	0.04	19	1.6444444444444528	16.399999999999963	11.0	0.016664442258967776	11.999999999999973	7.0	0.2079625064913636	5.299999999999997	1.0	0.25433896310886644	dead (regular)
0.0004	0.012	0.04	19	1.6833333333333422	16.399999999999963	11.0	0.01818778764612718	9.299999999999983	6.0	0.17752125398156166	10.29999999999998	2.0	0.26657177691608014	dead (regular)
0.000425	0.012	0.04	18	1.6294117647058897	16.399999999999963	11.0	0.019707303309266965	10.29999999999998	6.0	0.19805552683353045	4.5	1.0	0.2445836198128421	dead (regular)
0.00045	0.012	0.04	18	1.623529411764713	16.399999999999963	11.0	0.02122300221217937	10.499999999999979	6.0	0.19767955187730513	4.5	1.0	0.24415945682108062	dead (regular)
0.000475	0.012	0.04	18	1.6470588235294192	15.99999999999996	11.0	0.02150349357462567	11.399999999999975	6.0	0.20760660717371782	5.299999999999997	1.0	0.2540781288133309	dead (regular)
0.0005	0.012	0.04	18	1.6764705882353022	14.899999999999963	10.0	0.017205966802444142	9.099999999999984	6.0	0.17275776012101945	9.599999999999982	2.0	0.2619187263417723	dead (regular)
0.0	0.013	0.04	67	1.469696969696951	99.9999999999986	67.0	0.0	0.0	0.0	NaN	0.0	0.0	NaN	alive
2.5e-5	0.013	0.04	30	1.5793103448275994	32.700000000000195	22.0	0.01707177697079212	11.899999999999974	7.0	0.2052376880211106	4.999999999999998	1.0	0.250059145257157	dead (regular)
5.0e-5	0.013	0.04	27	1.5846153846153967	29.400000000000148	20.0	0.02163103573990961	11.199999999999976	6.0	0.20214273126937815	4.699999999999999	1.0	0.2472882504315896	dead (regular)
7.5e-5	0.013	0.04	25	1.5833333333333446	26.80000000000011	18.0	0.019999727642042255	10.19999999999998	6.0	0.1952700959860435	4.300000000000001	1.0	0.24016030708264902	dead (regular)
0.0001	0.013	0.04	25	1.683333333333346	25.30000000000009	17.0	0.021098530119593978	10.29999999999998	6.0	0.19073496314500005	13.199999999999969	2.0	0.27194419359071276	dead (regular)
0.000125	0.013	0.04	23	1.595454545454556	23.90000000000007	16.0	0.020427009440240642	10.29999999999998	6.0	0.1973885300625269	4.5	1.0	0.2422148701290191	dead (regular)
0.00015	0.013	0.04	23	1.640909090909102	22.40000000000005	15.0	0.018730809357215182	9.199999999999983	6.0	0.1752635225832667	9.699999999999982	2.0	0.2616237275396121	dead (regular)
0.000175	0.013	0.04	22	1.6095238095238196	20.900000000000027	14.0	0.016447144894426596	11.699999999999974	7.0	0.20303018402000234	4.899999999999999	1.0	0.24793492408408635	dead (regular)
0.0002	0.013	0.04	22	1.7238095238095354	20.900000000000027	14.0	0.01968274230047324	10.09999999999998	6.0	0.19333783038674207	14.199999999999966	2.0	0.2725711171805391	dead (regular)
0.000225	0.013	0.04	21	1.6200000000000094	19.400000000000006	13.0	0.016453818949853354	11.799999999999974	7.0	0.20349549839440484	4.899999999999999	1.0	0.24858306494920318	dead (regular)
0.00025	0.013	0.04	21	1.6600000000000101	19.400000000000006	13.0	0.018971133299896692	9.199999999999983	6.0	0.17615690882696772	9.89999999999998	2.0	0.26263046215939045	dead (regular)
0.000275	0.013	0.04	21	1.6850000000000105	19.400000000000006	13.0	0.02147862794646617	9.99999999999998	6.0	0.18587546393274038	11.899999999999974	2.0	0.2701967775134741	dead (regular)
0.0003	0.013	0.04	20	1.636842105263167	17.899999999999984	12.0	0.017207142961139843	9.099999999999984	6.0	0.16705061378448988	6.099999999999994	2.0	0.25404641008311424	dead (regular)
0.000325	0.013	0.04	20	1.7526315789473792	17.899999999999984	12.0	0.01915519538641592	9.99999999999998	6.0	0.19365488002058384	14.399999999999965	2.0	0.2728956626067563	dead (regular)
0.00035	0.013	0.04	20	1.689473684210536	17.899999999999984	12.0	0.021097175896738166	9.799999999999981	6.0	0.18287491169697587	11.199999999999976	2.0	0.2685193275613262	dead (regular)
0.000375	0.013	0.04	19	1.6444444444444528	16.599999999999966	11.0	0.016499807611891522	11.999999999999973	7.0	0.20764884454123372	5.1999999999999975	1.0	0.2529334096604484	dead (regular)
0.0004	0.013	0.04	19	1.6666666666666754	16.399999999999963	11.0	0.01790028218070851	9.199999999999983	6.0	0.17366966590477845	9.499999999999982	2.0	0.2607596140780728	dead (regular)
0.000425	0.013	0.04	18	1.623529411764713	16.399999999999963	11.0	0.019402403930422606	10.09999999999998	6.0	0.1948552507380439	4.300000000000001	1.0	0.2401647376117461	dead (regular)
0.00045	0.013	0.04	19	1.761111111111121	16.399999999999963	11.0	0.020900787067970703	10.399999999999979	6.0	0.19379883283665056	14.599999999999964	2.0	0.27297967039118337	dead (regular)
0.000475	0.013	0.04	18	1.623529411764713	16.499999999999964	11.0	0.02288918222649496	10.699999999999978	6.0	0.19791927692948583	4.5	1.0	0.2433971803195214	dead (regular)
0.0005	0.013	0.04	18	1.6588235294117724	14.899999999999963	10.0	0.01695961547692156	8.999999999999984	6.0	0.16694102963195503	5.999999999999995	2.0	0.2545120788901205	dead (regular)
0.0	0.014	0.04	67	1.469696969696951	99.9999999999986	67.0	0.0	0.0	0.0	NaN	0.0	0.0	NaN	alive
2.5e-5	0.014	0.04	30	1.5758620689655303	32.700000000000195	22.0	0.016446363661930353	11.799999999999974	7.0	0.20035094038623436	4.6	1.0	0.24425005059843818	dead (regular)
5.0e-5	0.014	0.04	28	1.625925925925939	29.800000000000153	20.0	0.02166970265743573	9.89999999999998	6.0	0.1832874542831452	11.099999999999977	2.0	0.265361989628442	dead (regular)
7.5e-5	0.014	0.04	26	1.676000000000013	26.80000000000011	18.0	0.019444951985878665	9.99999999999998	6.0	0.19070709029082425	12.79999999999997	2.0	0.26973190297860067	dead (regular)
0.0001	0.014	0.04	25	1.7041666666666797	25.30000000000009	17.0	0.020559459172898732	10.399999999999979	6.0	0.19537375300455098	14.299999999999965	2.0	0.2707305943328579	dead (regular)
0.000125	0.014	0.04	24	1.7000000000000124	23.90000000000007	16.0	0.019935515952010596	10.09999999999998	6.0	0.19253766442579373	13.399999999999968	2.0	0.2702691732059965	dead (regular)
0.00015	0.014	0.04	23	1.6318181818181927	22.40000000000005	15.0	0.0183043166844806	9.199999999999983	6.0	0.17287888764689663	9.099999999999984	2.0	0.25735397875293137	dead (regular)
0.000175	0.014	0.04	22	1.6095238095238196	22.100000000000044	15.0	0.02203401358003624	11.099999999999977	6.0	0.20182346215481417	4.699999999999999	1.0	0.2459361056578726	dead (regular)
0.0002	0.014	0.04	22	1.7000000000000113	20.900000000000027	14.0	0.01927580819053703	9.699999999999982	6.0	0.19012005959523215	12.69999999999997	2.0	0.2697966498450803	dead (regular)
0.000225	0.014	0.04	21	1.6150000000000095	20.40000000000002	14.0	0.0213971367527115	11.199999999999976	6.0	0.2022228890253393	4.699999999999999	1.0	0.24649998313331728	dead (regular)
0.00025	0.014	0.04	21	1.65000000000001	19.400000000000006	13.0	0.018609017127914105	9.299999999999983	6.0	0.1741597466770009	9.399999999999983	2.0	0.2588746192681753	dead (regular)
0.000275	0.014	0.04	21	1.6650000000000102	19.400000000000006	13.0	0.02108153848628061	9.699999999999982	6.0	0.17999050360395316	10.499999999999979	2.0	0.26359896984343717	dead (regular)
0.0003	0.014	0.04	20	1.6315789473684301	17.899999999999984	12.0	0.016900783954180012	11.999999999999973	7.0	0.20567911669493932	5.099999999999998	1.0	0.24945909383943937	dead (regular)
0.000325	0.014	0.04	20	1.6684210526315884	17.899999999999984	12.0	0.01882409379103113	9.299999999999983	6.0	0.17683898864591047	9.89999999999998	2.0	0.2613076194612516	dead (regular)
0.00035	0.014	0.04	20	1.7421052631579053	17.899999999999984	12.0	0.02074147065076878	10.29999999999998	6.0	0.19182249286517042	13.299999999999969	2.0	0.270607773238949	dead (regular)
0.000375	0.014	0.04	19	1.627777777777786	17.299999999999976	11.0	0.016496348270517172	11.299999999999976	7.0	0.20295476294215786	4.899999999999999	1.0	0.2469573121346294	dead (regular)
0.0004	0.014	0.04	19	1.6611111111111196	16.399999999999963	11.0	0.017616493150063705	9.099999999999984	6.0	0.17195111897497342	8.699999999999985	2.0	0.25715327445244435	dead (regular)
0.000425	0.014	0.04	19	1.7555555555555655	16.399999999999963	11.0	0.01910143830363457	9.89999999999998	6.0	0.19177796045170442	13.399999999999968	2.0	0.2705018285836453	dead (regular)
0.00045	0.014	0.04	19	1.7500000000000098	16.399999999999963	11.0	0.020582720682404847	10.29999999999998	6.0	0.19151722512398145	13.299999999999969	2.0	0.27060323527907437	dead (regular)
0.000475	0.014	0.04	19	1.7500000000000098	16.499999999999964	11.0	0.02205910618481114	10.399999999999979	6.0	0.1911244165778071	13.09999999999997	2.0	0.2708961914695215	dead (regular)
0.0005	0.014	0.04	18	1.652941176470596	14.899999999999963	10.0	0.016716142635665607	11.999999999999973	7.0	0.2057632973087757	4.999999999999998	1.0	0.25022750570518104	dead (regular)
0.0	0.015	0.04	67	1.469696969696951	99.9999999999986	67.0	0.0	0.0	0.0	NaN	0.0	0.0	NaN	alive
2.5e-5	0.015	0.04	31	1.6400000000000143	34.200000000000216	23.0	0.022256832036324163	10.499999999999979	6.0	0.19049734329829987	12.399999999999972	2.0	0.26740033729307267	dead (regular)
5.0e-5	0.015	0.04	28	1.6592592592592728	29.800000000000153	20.0	0.0209699077390249	10.29999999999998	6.0	0.19043546444507403	12.399999999999972	2.0	0.26741437460423756	dead (regular)
7.5e-5	0.015	0.04	26	1.616000000000012	26.80000000000011	18.0	0.018902332396487944	9.199999999999983	6.0	0.17276742212373714	8.599999999999985	2.0	0.2557294834402445	dead (regular)
0.0001	0.015	0.04	25	1.6916666666666795	25.30000000000009	17.0	0.02003146879871298	10.19999999999998	6.0	0.19246431331539732	12.89999999999997	2.0	0.2684586556119266	dead (regular)
0.000125	0.015	0.04	24	1.673913043478273	23.90000000000007	16.0	0.019453527461381095	9.699999999999982	6.0	0.18901333408950555	11.999999999999973	2.0	0.2673060214940121	dead (regular)
0.00015	0.015	0.04	23	1.6227272727272835	22.40000000000005	15.0	0.017885529197624532	9.099999999999984	6.0	0.16872679593143486	6.5999999999999925	2.0	0.2518571200723019	dead (regular)
0.000175	0.015	0.04	23	1.6681818181818295	22.40000000000005	15.0	0.022108558716778616	10.09999999999998	6.0	0.18667833200250739	11.499999999999975	2.0	0.26617106357722425	dead (regular)
0.0002	0.015	0.04	22	1.6428571428571535	20.900000000000027	14.0	0.018875686231411337	9.199999999999983	6.0	0.1738555529446549	9.299999999999983	2.0	0.2562267669612874	dead (regular)
0.000225	0.015	0.04	22	1.6904761904762016	20.900000000000027	14.0	0.02241129735363546	10.19999999999998	6.0	0.18936441027098475	12.199999999999973	2.0	0.26740955287939844	dead (regular)
0.00025	0.015	0.04	21	1.6450000000000098	19.400000000000006	13.0	0.018252497908198512	9.199999999999983	6.0	0.17223728966606267	8.499999999999986	2.0	0.255136002124595	dead (regular)
0.000275	0.015	0.04	21	1.7400000000000113	19.400000000000006	13.0	0.0206905667086614	10.399999999999979	6.0	0.19427663149177352	13.599999999999968	2.0	0.2689326081545053	dead (regular)
0.0003	0.015	0.04	20	1.626315789473693	17.899999999999984	12.0	0.016598777223044602	11.899999999999974	7.0	0.20177057835982956	4.6	1.0	0.24527248327231027	dead (regular)
0.000325	0.015	0.04	20	1.6578947368421146	17.899999999999984	12.0	0.018497683876928347	9.199999999999983	6.0	0.17293948375867552	8.799999999999985	2.0	0.2564136040159735	dead (regular)
0.00035	0.015	0.04	20	1.757894736842116	17.899999999999984	12.0	0.020390793174730085	10.399999999999979	6.0	0.19467014904839933	13.699999999999967	2.0	0.2694042412339121	dead (regular)
0.000375	0.015	0.04	19	1.627777777777786	17.899999999999984	12.0	0.022823563582710284	10.999999999999977	6.0	0.20131634343936886	4.6	1.0	0.24483701670574362	dead (regular)
0.0004	0.015	0.04	19	1.6444444444444528	16.399999999999963	11.0	0.017336371586075084	11.999999999999973	7.0	0.20656834488111456	5.099999999999998	1.0	0.24942803176020895	dead (regular)
0.000425	0.015	0.04	19	1.6777777777777867	16.399999999999963	11.0	0.01880435386827892	9.299999999999983	6.0	0.17624338425455358	9.599999999999982	2.0	0.2593460814539331	dead (regular)
0.00045	0.015	0.04	19	1.7722222222222324	16.399999999999963	11.0	0.020268747840320105	10.29999999999998	6.0	0.19512118665858924	13.999999999999966	2.0	0.2692923169580032	dead (regular)
0.000475	0.015	0.04	19	1.716666666666676	16.499999999999964	11.0	0.021726007572031962	9.99999999999998	6.0	0.1873134185203381	11.699999999999974	2.0	0.2674515787145508	dead (regular)
0.0005	0.015	0.04	18	1.6470588235294192	14.999999999999963	10.0	0.016534301452775707	11.899999999999974	7.0	0.20351554563494015	4.799999999999999	1.0	0.2469837148942896	dead (regular)
0.0	0.016	0.04	67	1.469696969696951	99.9999999999986	67.0	0.0	0.0	0.0	NaN	0.0	0.0	NaN	alive
2.5e-5	0.016	0.04	31	1.6400000000000143	34.200000000000216	23.0	0.021065676653091198	10.29999999999998	6.0	0.18979427355834305	11.899999999999974	2.0	0.2652410026196142	dead (regular)
5.0e-5	0.016	0.04	28	1.670370370370384	29.800000000000153	20.0	0.02032001857576373	10.29999999999998	6.0	0.19327586758637094	12.69999999999997	2.0	0.26677803018061197	dead (regular)
7.5e-5	0.016	0.04	26	1.608000000000012	26.80000000000011	18.0	0.018371601854507324	9.099999999999984	6.0	0.1703607545204161	7.19999999999999	2.0	0.2515333184425974	dead (regular)
0.0001	0.016	0.04	25	1.6666666666666792	25.30000000000009	17.0	0.019514330860510104	9.799999999999981	6.0	0.1888461208110381	11.599999999999975	2.0	0.2654715414225701	dead (regular)
0.000125	0.016	0.04	24	1.6304347826087071	23.800000000000068	16.0	0.019011098673113864	9.199999999999983	6.0	0.1743424727529466	9.199999999999983	2.0	0.2547213783928577	dead (regular)
0.00015	0.016	0.04	23	1.6090909090909198	22.40000000000005	15.0	0.017474305831245665	11.899999999999974	7.0	0.20404499170680526	4.899999999999999	1.0	0.2454989355070757	dead (regular)
0.000175	0.016	0.04	23	1.6500000000000112	22.40000000000005	15.0	0.0214178393840383	9.699999999999982	6.0	0.1793806324568525	9.89999999999998	2.0	0.2593496123859814	dead (regular)
0.0002	0.016	0.04	22	1.6380952380952485	20.900000000000027	14.0	0.018482260775895126	9.199999999999983	6.0	0.17160735030778262	7.799999999999988	2.0	0.2529641496218077	dead (regular)
0.000225	0.016	0.04	22	1.6619047619047727	20.900000000000027	14.0	0.02159402825814657	9.89999999999998	6.0	0.18099426144813527	10.19999999999998	2.0	0.2606136879279428	dead (regular)
0.00025	0.016	0.04	21	1.64000000000001	19.400000000000006	13.0	0.017901488187601143	9.199999999999983	6.0	0.17015076146795083	7.19999999999999	2.0	0.25176838337079266	dead (regular)
0.000275	0.016	0.04	21	1.7400000000000113	19.400000000000006	13.0	0.020305617476478036	10.29999999999998	6.0	0.1939521159255859	12.99999999999997	2.0	0.26737481012554476	dead (regular)
0.0003	0.016	0.04	20	1.626315789473693	18.19999999999999	12.0	0.016417509785658507	11.699999999999974	7.0	0.20190967654346204	4.699999999999999	1.0	0.24393644849756027	dead (regular)
0.000325	0.016	0.04	20	1.6526315789473778	17.899999999999984	12.0	0.018175898239053752	9.099999999999984	6.0	0.17116805612331684	7.699999999999989	2.0	0.252715818019394	dead (regular)
0.00035	0.016	0.04	20	1.7526315789473792	17.899999999999984	12.0	0.020045071521079497	10.19999999999998	6.0	0.193115333071594	12.79999999999997	2.0	0.2673755139278701	dead (regular)
0.000375	0.016	0.04	20	1.7473684210526421	17.899999999999984	12.0	0.021920876086515308	10.499999999999979	6.0	0.19306440834996008	12.79999999999997	2.0	0.26740903910045055	dead (regular)
0.0004	0.016	0.04	19	1.6388888888888973	16.399999999999963	11.0	0.017059868699467323	11.899999999999974	7.0	0.20336766172249	4.799999999999999	1.0	0.2454683340779851	dead (regular)
0.000425	0.016	0.04	19	1.672222222222231	16.399999999999963	11.0	0.018511099530183102	9.199999999999983	6.0	0.17451738653754095	9.199999999999983	2.0	0.25596313849815866	dead (regular)
0.00045	0.016	0.04	19	1.7666666666666768	16.399999999999963	11.0	0.019958815468089097	10.19999999999998	6.0	0.19349684385956473	12.89999999999997	2.0	0.2678967770138679	dead (regular)
0.000475	0.016	0.04	19	1.7555555555555655	16.399999999999963	11.0	0.021403027301747167	10.399999999999979	6.0	0.1920734264994265	12.599999999999971	2.0	0.26728083520712853	dead (regular)
0.0005	0.016	0.04	18	1.6411764705882428	15.399999999999961	10.0	0.016471579603156372	11.599999999999975	7.0	0.20032854842826073	4.5	1.0	0.2430875948514116	dead (regular)
0.0	0.017	0.04	67	1.469696969696951	99.9999999999986	67.0	0.0	0.0	0.0	NaN	0.0	0.0	NaN	alive
2.5e-5	0.017	0.04	31	1.6433333333333477	34.200000000000216	23.0	0.020300265408344814	10.09999999999998	6.0	0.1904959444719394	11.799999999999974	2.0	0.26351986719365766	dead (regular)
5.0e-5	0.017	0.04	28	1.6407407407407542	29.800000000000153	20.0	0.01968606521356394	9.599999999999982	6.0	0.1870695299872143	10.999999999999977	2.0	0.2624114742088377	dead (regular)
7.5e-5	0.017	0.04	26	1.5960000000000119	26.80000000000011	18.0	0.017852499811570867	11.999999999999973	7.0	0.20302542162452422	4.699999999999999	1.0	0.24378195788879675	dead (regular)
0.0001	0.017	0.04	25	1.6208333333333451	25.30000000000009	17.0	0.01900782174480137	9.199999999999983	6.0	0.17311613192179165	8.299999999999986	2.0	0.2522325976611506	dead (regular)
0.000125	0.017	0.04	24	1.6260869565217504	23.800000000000068	16.0	0.018549318720131915	9.199999999999983	6.0	0.1719024382189946	7.599999999999989	2.0	0.25139240770539717	dead (regular)
0.00015	0.017	0.04	23	1.6045454545454652	22.40000000000005	15.0	0.017066857019091625	11.799999999999974	7.0	0.19999122197096353	4.5	1.0	0.24106714098099172	dead (regular)
0.000175	0.017	0.04	23	1.700000000000012	22.40000000000005	15.0	0.02094898265068968	10.29999999999998	6.0	0.1893575786102893	11.499999999999975	2.0	0.2638541205237546	dead (regular)
0.0002	0.017	0.04	22	1.6285714285714388	20.900000000000027	14.0	0.018095418281341237	9.199999999999983	6.0	0.16942527646959238	6.699999999999992	2.0	0.24925699702311616	dead (regular)
0.000225	0.017	0.04	22	1.6476190476190582	20.900000000000027	14.0	0.021159992853706917	9.699999999999982	6.0	0.1752969135473026	9.099999999999984	2.0	0.254521990297244	dead (regular)
0.00025	0.017	0.04	21	1.6250000000000095	19.400000000000006	13.0	0.017555901122887522	11.999999999999973	7.0	0.20319160607628875	4.699999999999999	1.0	0.2442532741441147	dead (regular)
0.000275	0.017	0.04	21	1.730000000000011	19.400000000000006	13.0	0.019926596680964262	10.09999999999998	6.0	0.19138155370093743	11.999999999999973	2.0	0.26483264591814626	dead (regular)
0.0003	0.017	0.04	20	1.6157894736842193	19.400000000000006	13.0	0.02311900290180384	10.899999999999977	6.0	0.19877338616394105	4.5	1.0	0.23982833522592392	dead (regular)
0.000325	0.017	0.04	20	1.6473684210526407	17.899999999999984	12.0	0.017858669905275536	9.099999999999984	6.0	0.16919269590619554	6.399999999999993	2.0	0.2497144672514236	dead (regular)
0.00035	0.017	0.04	20	1.7421052631579053	17.899999999999984	12.0	0.01970423360633361	10.09999999999998	6.0	0.19078345378043363	11.899999999999974	2.0	0.26474477191137696	dead (regular)
0.000375	0.017	0.04	20	1.7315789473684315	17.899999999999984	12.0	0.021544283100683743	10.399999999999979	6.0	0.19051420199714697	11.899999999999974	2.0	0.264466685990808	dead (regular)
0.0004	0.017	0.04	19	1.627777777777786	16.399999999999963	11.0	0.016786936179912625	11.699999999999974	7.0	0.20023070733098783	4.6	1.0	0.24133493629420782	dead (regular)
0.000425	0.017	0.04	19	1.6666666666666754	16.399999999999963	11.0	0.01822162492045115	9.199999999999983	6.0	0.1726000859998989	8.099999999999987	2.0	0.2529300069412244	dead (regular)
0.00045	0.017	0.04	19	1.7500000000000098	16.399999999999963	11.0	0.019652869683217826	10.19999999999998	6.0	0.1901936178710171	11.799999999999974	2.0	0.264746607884739	dead (regular)
0.000475	0.017	0.04	19	1.7222222222222316	16.399999999999963	11.0	0.021080681546682505	10.09999999999998	6.0	0.18820008113968079	11.299999999999976	2.0	0.26425182412092685	dead (regular)
0.0005	0.017	0.04	18	1.6411764705882428	16.19999999999996	11.0	0.022059812393151017	11.199999999999976	6.0	0.20264646660460311	4.699999999999999	1.0	0.24398865136964157	dead (regular)
0.0	0.018	0.04	67	1.469696969696951	99.9999999999986	67.0	0.0	0.0	0.0	NaN	0.0	0.0	NaN	alive
2.5e-5	0.018	0.04	31	1.5966666666666804	34.200000000000216	23.0	0.019556623808322546	9.299999999999983	6.0	0.17325164831740364	7.899999999999988	2.0	0.25043241027065866	dead (regular)
5.0e-5	0.018	0.04	28	1.6000000000000127	29.800000000000153	20.0	0.019067658174088398	9.199999999999983	6.0	0.1704369901170763	6.799999999999992	2.0	0.24821801013708447	dead (regular)
7.5e-5	0.018	0.04	27	1.7000000000000137	26.80000000000011	18.0	0.017344770261669244	11.799999999999974	7.0	0.19922247451781538	13.499999999999968	2.0	0.2643726888242462	dead (regular)
0.0001	0.018	0.04	25	1.6125000000000116	25.30000000000009	17.0	0.018511721843592455	9.099999999999984	6.0	0.16886243364831025	6.099999999999994	2.0	0.24696073810698416	dead (regular)
0.000125	0.018	0.04	24	1.6173913043478374	23.800000000000068	16.0	0.018096425170445338	9.099999999999984	6.0	0.1689730709268431	6.299999999999994	2.0	0.2467570318660766	dead (regular)
0.00015	0.018	0.04	24	1.7173913043478388	22.40000000000005	15.0	0.0166645205576329	11.599999999999975	7.0	0.19682890422287372	12.89999999999997	2.0	0.2643306057356713	dead (regular)
0.000175	0.018	0.04	23	1.7090909090909212	22.40000000000005	15.0	0.02048854807488983	10.19999999999998	6.0	0.19166006996024237	11.699999999999974	2.0	0.26306953775427433	dead (regular)
0.0002	0.018	0.04	22	1.6142857142857243	20.900000000000027	14.0	0.017715047389795437	11.899999999999974	7.0	0.20199982445955775	4.699999999999999	1.0	0.2416096520640319	dead (regular)
0.000225	0.018	0.04	22	1.7238095238095354	20.900000000000027	14.0	0.02073318763427668	10.399999999999979	6.0	0.19273092436964917	11.999999999999973	2.0	0.26332097397588017	dead (regular)
0.00025	0.018	0.04	21	1.6200000000000094	19.400000000000006	13.0	0.01721565180347316	11.899999999999974	7.0	0.199826710032426	4.4	1.0	0.24036244560930103	dead (regular)
0.000275	0.018	0.04	21	1.7000000000000106	19.400000000000006	13.0	0.019553411060804944	9.699999999999982	6.0	0.18790500229716353	11.099999999999977	2.0	0.2610657631064561	dead (regular)
0.0003	0.018	0.04	21	1.6750000000000103	19.400000000000006	13.0	0.022054435950662962	9.99999999999998	6.0	0.18218893146606113	9.99999999999998	2.0	0.2582101489883749	dead (regular)
0.000325	0.018	0.04	20	1.6315789473684301	17.899999999999984	12.0	0.0175459330994022	11.899999999999974	7.0	0.2016171976448254	4.6	1.0	0.24177138567160733	dead (regular)
0.00035	0.018	0.04	20	1.7105263157894839	17.899999999999984	12.0	0.0193682097364205	9.699999999999982	6.0	0.18750641774071458	10.999999999999977	2.0	0.26125142431356946	dead (regular)
0.000375	0.018	0.04	20	1.6631578947368515	17.899999999999984	12.0	0.021185097465861398	9.699999999999982	6.0	0.1754232449455153	9.099999999999984	2.0	0.2528883250356564	dead (regular)
0.0004	0.018	0.04	20	1.7684210526315898	16.399999999999963	11.0	0.01651752770201637	11.699999999999974	7.0	0.19766301858326255	13.299999999999969	2.0	0.2646094542957303	dead (regular)
0.000425	0.018	0.04	19	1.655555555555564	16.399999999999963	11.0	0.01793588014521605	9.099999999999984	6.0	0.16896282986296737	6.299999999999994	2.0	0.2476495854676978	dead (regular)
0.00045	0.018	0.04	19	1.7222222222222316	16.399999999999963	11.0	0.019350858698943256	9.799999999999981	6.0	0.18793632785371694	11.099999999999977	2.0	0.2617480182414661	dead (regular)
0.000475	0.018	0.04	19	1.716666666666676	16.399999999999963	11.0	0.020762473292760993	9.99999999999998	6.0	0.18706438048044494	10.899999999999977	2.0	0.2615473775492027	dead (regular)
0.0005	0.018	0.04	19	1.716666666666676	16.499999999999964	11.0	0.022525188208668574	10.19999999999998	6.0	0.18802744045126762	11.099999999999977	2.0	0.26205698761959384	dead (regular)
0.0	0.019	0.04	67	1.469696969696951	99.9999999999986	67.0	0.0	0.0	0.0	NaN	0.0	0.0	NaN	alive
2.5e-5	0.019	0.04	31	1.5833333333333468	34.200000000000216	23.0	0.018834138567490423	9.099999999999984	6.0	0.16836911739102728	5.899999999999995	2.0	0.24449375234004728	dead (regular)
5.0e-5	0.019	0.04	28	1.596296296296309	29.800000000000153	20.0	0.018464416709920047	9.099999999999984	6.0	0.16796246761773542	5.599999999999996	2.0	0.2444406441003319	dead (regular)
7.5e-5	0.019	0.04	27	1.6846153846153982	26.80000000000011	18.0	0.016848163688717048	11.799999999999974	7.0	0.19522178736945234	12.199999999999973	2.0	0.2619592551013439	dead (regular)
0.0001	0.019	0.04	25	1.5958333333333448	25.30000000000009	17.0	0.0180258162209546	11.799999999999974	7.0	0.200385742541575	4.5	1.0	0.23930445357208371	dead (regular)
0.000125	0.019	0.04	25	1.7166666666666799	23.800000000000068	16.0	0.01764451855895902	11.799999999999974	7.0	0.19875268988645203	13.09999999999997	2.0	0.2623987390739657	dead (regular)
0.00015	0.019	0.04	24	1.7304347826087085	22.800000000000054	15.0	0.016376880561859875	11.499999999999975	7.0	0.1997739625366604	13.299999999999969	2.0	0.26285679436198783	dead (regular)
0.000175	0.019	0.04	23	1.6772727272727388	22.40000000000005	15.0	0.02003638328005947	9.799999999999981	6.0	0.18682112289903197	10.599999999999978	2.0	0.2587579995759	dead (regular)
0.0002	0.019	0.04	23	1.7363636363636488	20.900000000000027	14.0	0.017341038182415155	11.799999999999974	7.0	0.19857764235767034	12.99999999999997	2.0	0.2629714523290141	dead (regular)
0.000225	0.019	0.04	22	1.709523809523821	20.900000000000027	14.0	0.020313491053529552	10.19999999999998	6.0	0.18916511322564666	10.999999999999977	2.0	0.2602192991105931	dead (regular)
0.00025	0.019	0.04	22	1.73809523809525	19.400000000000006	13.0	0.0168806560387984	11.799999999999974	7.0	0.19605626118157568	12.399999999999972	2.0	0.26278013886648616	dead (regular)
0.000275	0.019	0.04	21	1.6450000000000098	19.400000000000006	13.0	0.019185970293224035	9.099999999999984	6.0	0.17076966238916766	6.799999999999992	2.0	0.24733373945846876	dead (regular)
0.0003	0.019	0.04	21	1.65500000000001	19.400000000000006	13.0	0.021482909119248148	9.699999999999982	6.0	0.17549772654937842	8.799999999999985	2.0	0.2514025183267355	dead (regular)
0.000325	0.019	0.04	21	1.7600000000000116	17.899999999999984	12.0	0.017237622687193657	11.699999999999974	7.0	0.1987789522672525	13.199999999999969	2.0	0.2627710783632698	dead (regular)
0.00035	0.019	0.04	20	1.6578947368421146	17.899999999999984	12.0	0.0190369306095913	9.199999999999983	6.0	0.172446694120744	7.499999999999989	2.0	0.24905188279458204	dead (regular)
0.000375	0.019	0.04	20	1.7421052631579053	17.899999999999984	12.0	0.02083097147408477	10.399999999999979	6.0	0.19121711688046691	11.399999999999975	2.0	0.26163084597464015	dead (regular)
0.0004	0.019	0.04	20	1.7789473684210637	16.89999999999997	11.0	0.016437449112725086	11.499999999999975	7.0	0.19863510698622966	13.09999999999997	2.0	0.2633868565964722	dead (regular)
0.000425	0.019	0.04	19	1.6388888888888973	16.399999999999963	11.0	0.01765381596314784	11.899999999999974	7.0	0.20115166899200637	4.5	1.0	0.24070472111069266	dead (regular)
0.00045	0.019	0.04	19	1.6666666666666754	16.399999999999963	11.0	0.019052730229002102	9.199999999999983	6.0	0.173049662875716	7.899999999999988	2.0	0.2493057091483083	dead (regular)
0.000475	0.019	0.04	19	1.7555555555555655	16.399999999999963	11.0	0.02044834856061739	10.29999999999998	6.0	0.19169472775762014	11.599999999999975	2.0	0.26168739403064367	dead (regular)
0.0005	0.019	0.04	19	1.6944444444444535	16.499999999999964	11.0	0.02182776561056517	9.89999999999998	6.0	0.18157447568107501	9.799999999999981	2.0	0.2564180369753323	dead (regular)
0.0	0.02	0.04	67	1.469696969696951	99.9999999999986	67.0	0.0	0.0	0.0	NaN	0.0	0.0	NaN	alive
2.5e-5	0.02	0.04	32	1.664516129032273	34.200000000000216	23.0	0.018132212056796305	11.799999999999974	7.0	0.19841802407043438	12.499999999999972	2.0	0.2612522956505597	dead (regular)
5.0e-5	0.02	0.04	29	1.6821428571428714	29.800000000000153	20.0	0.017875970515314234	11.799999999999974	7.0	0.198232111395938	12.499999999999972	2.0	0.26110750846839015	dead (regular)
7.5e-5	0.02	0.04	27	1.692307692307706	26.80000000000011	18.0	0.016362435191301546	11.499999999999975	7.0	0.19761710314250938	12.399999999999972	2.0	0.2609162479584235	dead (regular)
0.0001	0.02	0.04	26	1.7000000000000133	25.30000000000009	17.0	0.017549895009664522	11.699999999999974	7.0	0.19655635719195605	12.099999999999973	2.0	0.26117028670941983	dead (regular)
0.000125	0.02	0.04	25	1.7000000000000128	23.800000000000068	16.0	0.01720894100307685	11.699999999999974	7.0	0.19459692883967217	11.699999999999974	2.0	0.2607288473707644	dead (regular)
0.00015	0.02	0.04	24	1.6478260869565333	23.90000000000007	16.0	0.022361167808194235	9.99999999999998	6.0	0.18041342894311263	9.399999999999983	2.0	0.2531364517800687	dead (regular)
0.000175	0.02	0.04	23	1.6818181818181934	22.40000000000005	15.0	0.019592337909442665	9.799999999999981	6.0	0.18644178443318254	10.29999999999998	2.0	0.2570373630879262	dead (regular)
0.0002	0.02	0.04	23	1.7181818181818302	20.900000000000027	14.0	0.016973282706520803	11.699999999999974	7.0	0.19470255480082332	11.899999999999974	2.0	0.2601251499621271	dead (regular)
0.000225	0.02	0.04	22	1.680952380952392	20.900000000000027	14.0	0.019900782920607644	9.699999999999982	6.0	0.1850223113583595	10.09999999999998	2.0	0.25627115613941104	dead (regular)
0.00025	0.02	0.04	22	1.7428571428571549	19.400000000000006	13.0	0.01655083139525502	11.699999999999974	7.0	0.1977560160304567	12.499999999999972	2.0	0.2612765134933645	dead (regular)
0.000275	0.02	0.04	21	1.64000000000001	19.400000000000006	13.0	0.018824183661706587	9.099999999999984	6.0	0.16867637564763732	5.799999999999995	2.0	0.2442077647923227	dead (regular)
0.0003	0.02	0.04	21	1.7050000000000107	19.400000000000006	13.0	0.021089371786332158	10.19999999999998	6.0	0.18777755192598483	10.599999999999978	2.0	0.25778279673594306	dead (regular)
0.000325	0.02	0.04	21	1.7500000000000113	17.899999999999984	12.0	0.016933674960310105	11.799999999999974	7.0	0.19538817418206084	11.899999999999974	2.0	0.2615196607002039	dead (regular)
0.00035	0.02	0.04	20	1.6473684210526407	17.899999999999984	12.0	0.018710327622594843	9.099999999999984	6.0	0.16875511176414515	5.899999999999995	2.0	0.24406453403243028	dead (regular)
0.000375	0.02	0.04	20	1.7368421052631684	17.899999999999984	12.0	0.020481832563216278	10.29999999999998	6.0	0.18943781058440473	10.899999999999977	2.0	0.25880115589563907	dead (regular)
0.0004	0.02	0.04	20	1.7315789473684315	17.899999999999984	12.0	0.023032486460242658	10.699999999999978	6.0	0.1896086733473375	10.899999999999977	2.0	0.25912283555778115	dead (regular)
0.000425	0.02	0.04	20	1.7736842105263269	16.399999999999963	11.0	0.017375383789420468	11.799999999999974	7.0	0.19830507824661045	12.69999999999997	2.0	0.2616699858376993	dead (regular)
0.00045	0.02	0.04	19	1.6611111111111196	16.399999999999963	11.0	0.01875843340066677	9.199999999999983	6.0	0.17113411998448225	6.8999999999999915	2.0	0.2463388844197396	dead (regular)
0.000475	0.02	0.04	19	1.7444444444444542	16.399999999999963	11.0	0.020138253536222492	10.19999999999998	6.0	0.18841209234251458	10.799999999999978	2.0	0.2582687582499617	dead (regular)
0.0005	0.02	0.04	19	1.6777777777777867	16.499999999999964	11.0	0.021499801098221926	9.699999999999982	6.0	0.17713084940184715	8.999999999999984	2.0	0.25162843631046033	dead (regular)
