# EXCHANGE FLUXES IN REGULATED ecFBA MODEL
# FBA model ../../ModelFiles/ecFBA/Modified/reducedEcYeast_modified_withDamage.mat with objective minGlc
# Boolean model ../../ModelFiles/Boolean/Modified/rules.txt, ../../ModelFiles/Boolean/Modified/species.txt
# TF layer ../../ModelFiles/Boolean/Modified/TFtargets.txt
growth rate	O2 uptake	CO2 production	glucose uptake	ethanol production	acetate production	glycerol production	enzyme pool
0.0	0.3033517929733417	0.30332665341785064	0.05078436634661581	-0.0	2.8697430369539756e-10	0.0004598480293008256	0.022625967532300312
0.004	0.40240007980960035	0.4049510280860167	0.0931783308706731	-0.0	5.263516185405326e-10	0.000845718585626447	0.0229264975625698
0.008	0.503272834137245	0.5079425458014672	0.13580059449717147	-0.0	7.671805274389598e-10	0.0012324729967964558	0.023229949035653293
0.012	0.6038539860441863	0.6109980348049983	0.17843396193414923	-0.0	1.007822700294092e-9	0.0016201112663363612	0.023534054951111657
0.016	0.7050190328412512	0.7146369560338445	0.2211650100047155	-0.0	1.2490083758920356e-9	0.002008633394250108	0.023839728031121825
0.02	0.8067679745278337	0.8188593094873963	0.2639937387089613	-0.0	1.4913525553383877e-9	0.0023980393805246815	0.024146968275680816
0.024	0.9091008111050126	0.9236650951667278	0.3069201480467417	-0.0	1.733840272744036e-9	0.0027883292251753883	0.024455775684793995
0.028	1.0120175425718685	1.0290543130709304	0.34994423801817437	-0.0	1.97730488926684e-9	0.0031795029281917265	0.02476615025845692
0.032	1.1155181689297822	1.1350269632013776	0.39306600862307883	-0.0	2.220498201976895e-9	0.003571560489584212	0.025078091996676086
0.036000000000000004	1.2252543604287018	1.2472347158080115	0.4372274049052938	-0.0	2.4699754186396916e-9	0.0039645019093434725	0.028134072156787288
0.04	1.3299192886259426	1.3543707424481537	0.48054395545400125	-0.0	2.7146348224871275e-9	0.004358327187471622	0.028415564723833574
0.044	1.4351800431192434	1.4621021327195491	0.5239601752039792	-0.0	2.9599089429455105e-9	0.0047530363239716555	0.028698488116455718
0.048	1.5410366239084847	1.5704288866220661	0.5674760641552294	-0.0	3.2058881244134696e-9	0.005148629318841016	0.02898284392308634
0.052000000000000005	1.6474890309940469	1.6793510041560895	0.6110916223076787	-0.0	3.4521680791765874e-9	0.005545106172077973	0.029268632296454298
0.056	1.7545372643756185	1.7888684853213102	0.6548068496614132	-0.0	3.69911923314703e-9	0.005942466883688061	0.02955585277837659
0.06	1.862181324053262	1.8989813301177934	0.6986217462163848	-0.0	3.946615589889291e-9	0.00634071145366665	0.0298359410624459
0.064	1.9703774918483552	2.0095759004259093	0.7424474523448479	-0.0	4.194253944156401e-9	0.006600000000000002	0.03005099942036124
0.068	2.0790881481730232	2.1205544103964256	0.7862075041438367	-0.0	4.4417248767913975e-9	0.006600000000000002	0.030266403432080115
0.07200000000000001	2.1883943544734565	2.2321275657487085	0.8300666635064164	-0.0	4.689128141333043e-9	0.006600000000000002	0.03048288354156129
0.076	2.298296110748277	2.3442953664813935	0.8740249304328941	-0.0	4.938016218147823e-9	0.006600000000000002	0.030700414112006198
0.08	2.408793416999338	2.45705781259631	0.9180823049228961	-0.0	5.186352514119363e-9	0.006600000000000002	0.03090143979863787
0.084	2.5198862732251177	2.570414904091952	0.9622387869767123	-0.0	5.435763755778922e-9	0.006600000000000002	0.03110262767842774
0.088	2.631574679425992	2.684366640968686	1.0064943765942649	-0.0	5.685862697335509e-9	0.006600000000000002	0.03129880578306522
0.092	2.7438586356021877	2.798913023226753	1.0508490737755274	-0.0	5.93641449886384e-9	0.006600000000000002	0.03149054467675158
0.096	2.856738141753621	2.914054050866046	1.0953028785205157	-0.0	6.187502371579612e-9	0.006600000000000002	0.031683197712970554
0.1	2.97021319788024	3.0297897238865352	1.1398557908292235	-0.0	6.4391736942504e-9	0.006600000000000002	0.0318767656096882
0.10400000000000001	3.084283803981953	3.1461200422881133	1.1845078107016684	-0.0	6.691511622580748e-9	0.006600000000000002	0.03207124628867036
0.108	3.1989499600590143	3.2630450060710467	1.229258938137813	-0.0	6.944266328634541e-9	0.006600000000000002	0.03226664257962985
0.112	3.314211666111307	3.380564615235217	1.2741091731376903	-0.0	7.197593854257889e-9	0.006600000000000002	0.03246295153538773
0.116	3.4300689221387506	3.498678869780537	1.3190585157012857	-0.0	7.45152700654117e-9	0.006600000000000002	0.03266017541037744
0.12	3.5465217281413453	3.6173877697070056	1.3641069658286198	-0.0	7.706083049452417e-9	0.006600000000000002	0.03285831429337472
0.124	3.663570084119295	3.736691315014837	1.4092545235196587	-0.0	7.961061088135324e-9	0.006600000000000002	0.03305736566361958
0.128	3.7812139900723754	3.856589505703802	1.4545011887744186	-0.0	8.216658298199064e-9	0.006600000000000002	0.03324407616397565
0.132	3.899453446000696	3.977082341774004	1.4998469615929102	-0.0	8.472811729998142e-9	0.006600000000000002	0.03341979539280698
0.136	4.0182884519041915	4.098169823225389	1.5452918419751138	-0.0	8.729548028885148e-9	0.006600000000000002	0.03359446145713081
0.14	4.137719007783236	4.219851950058311	1.5908358299209815	-0.0	8.986483779338528e-9	0.006600000000000002	0.03377006445851195
0.14400000000000002	4.257745113636959	4.342128722271925	1.6364789254306764	-0.0	9.244552567899689e-9	0.006600000000000002	0.03394651078152319
0.148	4.3783667694660195	4.4650001398668815	1.6822211285040762	-0.0	9.50305550917463e-9	0.006600000000000002	0.03412375964435302
0.152	4.499583975270323	4.588466202843075	1.7280624391411834	-0.0	9.762073205354937e-9	0.006600000000000002	0.034301392476395465
0.156	4.621396731049909	4.712526911200562	1.774002857342004	-0.0	1.0021581342556374e-8	0.006600000000000002	0.03447968792951853
0.16	4.743805036804663	4.837182264939208	1.8200423831065577	-0.0	1.028170576455878e-8	0.006600000000000002	0.034658785922459384
0.164	4.866808892534687	4.962432264059124	1.8661810164348196	-0.0	1.0542318740203172e-8	0.006600000000000002	0.034838686455218426
0.168	4.9904082982398865	5.088276908560232	1.9124187573268117	-0.0	1.0803537398018648e-8	0.006600000000000002	0.0350193895277953
0.17200000000000001	5.114603253920304	5.2147161984425505	1.9587556057825206	-0.0	1.1065298510803956e-8	0.006600000000000002	0.03520089514019014
0.176	5.239393759576001	5.34175013370615	2.005191561801945	-0.0	1.1327552340567593e-8	0.006600000000000002	0.03538320329240332
0.18	5.364779815206814	5.469378714350869	2.051726625385113	-0.0	1.1590480408774084e-8	0.006600000000000002	0.03556631398443396
0.184	5.490761420812907	5.597601940376871	2.0983607965319835	-0.0	1.1853881376477915e-8	0.006600000000000002	0.03575022721628293
0.188	5.61733857639416	5.7264198117840355	2.145094075242586	-0.0	1.2117901238006823e-8	0.006600000000000002	0.03593419669886741
0.192	5.744511281950629	5.855832328572413	2.19192646151691	-0.0	1.238247426815775e-8	0.006600000000000002	0.03611872187713496
0.196	5.870210998100298	5.98377095136	2.238513198790641	-0.0	1.2645662683663517e-8	0.006600000000000002	0.03629072211849009
0.2	5.994053980763868	6.109851936067484	2.284790329717092	-0.0	1.2907091173630647e-8	0.006600000000000002	0.03644772495911712
0.20400000000000001	6.118475862013854	6.236510914767392	2.331163792975804	-0.0	1.316906711457122e-8	0.006600000000000002	0.03660542305555983
0.20800000000000002	6.243476641850247	6.363747887459704	2.377633588566768	-0.0	1.3431590895063295e-8	0.006600000000000002	0.036763816407808264
0.212	6.367169917834079	6.489676451705456	2.4238853160828935	-0.0	1.3692868505721378e-8	0.006600000000000002	0.036913426799702054
0.216	6.484551942417511	6.6092928599568115	2.4690850175979566	-0.0	1.3948180277445488e-8	0.006600000000000002	0.03702973026518314
0.22	6.596115676714806	6.7230900733280325	2.5133148532978526	-0.0	1.4198057840530964e-8	0.006600000000000002	0.03711658043973734
0.224	6.704234720294815	6.83344169138797	2.55697042311146	-0.0	1.4444693219317628e-8	0.006600000000000002	0.03721238726831366
0.228	6.812848784368299	6.944287425347383	2.60070834557513	-0.0	1.469177574042746e-8	0.006600000000000002	0.037368483620615685
0.232	6.9219043557683655	7.05557376203938	2.644519701827692	-0.0	1.4939261050450625e-8	0.006600000000000002	0.03752493644142644
0.23600000000000002	7.031397153009447	7.1672964199783955	2.688403778288238	-0.0	1.518716780113394e-8	0.006600000000000002	0.03768164638522136
0.24	7.141279030723975	7.279407253796857	2.732352550728812	-0.0	1.5435459188584133e-8	0.006600000000000002	0.0378382997725095
0.244	7.249352621358292	7.389827864110755	2.776019619251421	-0.0	1.568212626423815e-8	0.006600000000000002	0.03798405379180103
0.248	7.339413398588953	7.482464976902208	2.822792765394239	-0.0	0.018209997550639234	0.006600000000000002	0.037999969615999996
0.252	7.416411212720067	7.562039599403056	2.869728194528504	-0.0	0.0434380735388102	0.006600000000000002	0.037999969615999996
0.256	7.493772972484887	7.641978608335016	2.916686122880381	-0.0	0.06855145396424561	0.006600000000000002	0.037999969615999996
0.26	7.5714927878068865	7.722276145633088	2.963726159943366	-0.0	0.09373189633996043	0.006600000000000002	0.037999969615999996
0.264	7.649565934807273	7.80292884726542	3.010858762870981	-0.0	0.11901245414244915	0.006600000000000002	0.037999969615999996
0.268	7.727948624843237	7.883920103867831	3.058079332692623	-0.0	0.14438763514196054	0.006600000000000002	0.037999969615999996
0.272	7.802375746227334	7.96096490784341	3.1119045621446992	-0.0	0.19155002134618415	0.006600000000000002	0.037999969615999996
0.276	7.869628429988978	8.030835883915408	3.203726429907719	-0.0	0.3562892364350414	0.006600000000000002	0.037999969615999996
0.28	7.935327699877974	8.099154012190617	3.2974972330350067	-0.0	0.5276516815150757	0.006600000000000002	0.037999969615999996
0.28400000000000003	7.946940799900436	8.19157025469469	3.4523408899904418	0.10568363096514011	0.682	0.006600000000000002	0.037999969615999996
0.28800000000000003	7.883835915438754	8.45744064227752	3.630361145663707	0.4310183040293023	0.682	0.006600000000000002	0.037999969615999996
0.292	7.746604585011924	8.86598701203473	3.9047465022942527	0.9741102888781228	0.682	0.006600000000000002	0.037999969615999996
0.296	7.5829917637211866	9.310786063684533	4.2060296447681775	1.5797692903107918	0.682	0.006600000000000002	0.037999969615999996
0.3	7.420323156169126	9.752873307418103	4.505642700194038	2.181773934557374	0.682	0.006600000000000002	0.037999969615999996
0.304	7.2585989103984785	10.192248544204222	4.803585519922841	2.7801238751865176	0.682	0.006600000000000002	0.037999969615999996
0.308	7.0978188449994555	10.62891202403242	5.099858289083593	3.3748195425904632	0.682	0.006600000000000002	0.037999969615999996
0.312	6.937983005427741	11.062863687973898	5.394460963649832	3.965860834154236	0.682	0.006600000000000002	0.037999969615999996
0.316	6.779091407315346	11.494103508552342	5.687393524900842	4.553247707453826	0.682	0.006600000000000002	0.037999969615999996
0.32	6.621144043768348	11.922631495990913	5.978655978819927	5.136980175327598	0.682	0.006600000000000002	0.037999969615999996
0.324	6.463515238121042	12.349349084583144	6.268917536395006	5.718615153592499	0.682	0.006600000000000002	0.037999969615999996
0.328	6.305548194471432	12.775094990427258	6.5587862546481395	6.299557455265656	0.682	0.006600000000000002	0.037999969615999996
0.332	6.148575623266017	13.19809531370133	6.846967121666588	6.87680899451976	0.682	0.006600000000000002	0.037999969615999996
0.336	5.992999855391792	13.617717939301976	7.132979379267701	7.449243554358565	0.682	0.006600000000000002	0.037999969615999996
0.34	5.839454344903463	14.03313236137334	7.416220270453811	8.015468116716999	0.682	0.006600000000000002	0.037999969615999996
0.34400000000000003	5.686857165565428	14.445829240814108	7.697786839709764	8.578028484600255	0.682	0.006600000000000002	0.037999969615999996
0.34800000000000003	5.5352079171729045	14.855809128576	7.977679493784156	9.136925602778273	0.682	0.006600000000000002	0.037999969615999996
0.352	5.384506896240017	15.263071618527494	8.255897932844126	9.692158774818228	0.682	0.006600000000000002	0.037999969615999996
0.356	5.234753393985051	15.667617697634606	8.532442885139973	10.243729691988001	0.682	0.006600000000000002	0.037999969615999996
0.36	5.085948055798398	16.069446455236815	8.807313679540291	10.79163679622365	0.682	0.006600000000000002	0.037999969615999996
0.364	4.938088265289816	16.468561556978628	9.080513021085912	11.335886369825403	0.682	0.006600000000000002	0.037999969615999996
0.368	4.791175147505594	16.864961422144628	9.35203974318189	11.876475703366133	0.682	0.006600000000000002	0.037999969615999996
0.372	4.645209883200499	17.258644410555675	9.62189263494068	12.413401984272749	0.682	0.006600000000000002	0.037999969615999996
0.376	4.499998834106474	17.649880444144493	9.890270970393367	12.947128073672191	0.682	0.006600000000000002	0.037999969615999996
0.38	4.349870269799211	18.04657567856985	10.163011590612049	13.49121141695133	0.682	0.006600000000000002	0.037999969615999996
0.384	4.214190293753192	18.421514460973125	10.420074498800751	13.99913985015161	0.682	0.006600000000000002	0.037999969615999996
0.388	4.114625781653905	18.742582575137234	10.638205754221959	14.417208659168942	0.682	0.006600000000000002	0.037999969615999996
0.392	4.025528320259891	19.045700118441268	10.84383714562495	14.806753161561737	0.682	0.006600000000000002	0.037999969615999996
0.396	3.961301898249544	19.313170142237315	11.023477789165812	15.136149180122075	0.682	0.006600000000000002	0.037999969615999996
0.4	3.904909756377102	19.568022344396066	11.194159866602403	15.444978411188266	0.682	0.006600000000000002	0.037999969615999996
